0
Training loss:  1.32244282961
Dev error rate:  0.264705882353
0
[[  3.   0.   6.   0.]
 [  0.   0.   0.   0.]
 [  1.   1.   0.   0.]
 [  0.   0.   1.  22.]]
1
Training loss:  0.747153401375
Dev error rate:  0.176470588235
1
[[  3.   0.   3.   0.]
 [  0.   0.   0.   0.]
 [  1.   1.   3.   0.]
 [  0.   0.   1.  22.]]
2
Training loss:  0.50787883997
Dev error rate:  0.235294117647
2
[[  1.   0.   3.   0.]
 [  0.   0.   0.   0.]
 [  3.   1.   3.   0.]
 [  0.   0.   1.  22.]]
3
Training loss:  0.34689475596
Dev error rate:  0.264705882353
3
[[  0.   0.   3.   0.]
 [  0.   0.   0.   0.]
 [  4.   1.   3.   0.]
 [  0.   0.   1.  22.]]
