0
Training loss:  0.860037749012
Dev error rate:  0.352941176471
0
[[  0.   0.   0.   0.]
 [  0.   0.   0.   0.]
 [  0.   0.   0.   0.]
 [  4.   1.   7.  22.]]
1
Training loss:  0.915930887063
Dev error rate:  0.352941176471
1
[[  0.   0.   0.   0.]
 [  0.   0.   0.   0.]
 [  0.   0.   0.   0.]
 [  4.   1.   7.  22.]]
2
Training loss:  0.865289777517
Dev error rate:  0.352941176471
2
[[  0.   0.   0.   0.]
 [  0.   0.   0.   0.]
 [  0.   0.   0.   0.]
 [  4.   1.   7.  22.]]
3
Training loss:  0.808513005575
Dev error rate:  0.352941176471
3
[[  0.   0.   0.   0.]
 [  0.   0.   0.   0.]
 [  0.   0.   0.   0.]
 [  4.   1.   7.  22.]]
4
Training loss:  0.815935124954
Dev error rate:  0.352941176471
4
[[  0.   0.   0.   0.]
 [  0.   0.   0.   0.]
 [  0.   0.   0.   0.]
 [  4.   1.   7.  22.]]
5
Training loss:  0.723114217321
Dev error rate:  0.352941176471
5
[[  0.   0.   0.   0.]
 [  0.   0.   0.   0.]
 [  0.   0.   0.   0.]
 [  4.   1.   7.  22.]]
6
Training loss:  0.748643050591
Dev error rate:  0.352941176471
6
[[  0.   0.   0.   0.]
 [  0.   0.   0.   0.]
 [  0.   0.   0.   0.]
 [  4.   1.   7.  22.]]
7
Training loss:  0.78010370334
Dev error rate:  0.352941176471
7
[[  0.   0.   0.   0.]
 [  0.   0.   0.   0.]
 [  0.   0.   0.   0.]
 [  4.   1.   7.  22.]]
8
Training loss:  0.693414499362
Dev error rate:  0.352941176471
8
[[  0.   0.   0.   0.]
 [  0.   0.   0.   0.]
 [  0.   0.   0.   0.]
 [  4.   1.   7.  22.]]
9
Training loss:  0.81729738911
Dev error rate:  0.352941176471
9
[[  0.   0.   0.   0.]
 [  0.   0.   0.   0.]
 [  0.   0.   0.   0.]
 [  4.   1.   7.  22.]]
