0
[[  0.00000000e+00   0.00000000e+00   0.00000000e+00   0.00000000e+00]
 [  0.00000000e+00   0.00000000e+00   0.00000000e+00   0.00000000e+00]
 [  0.00000000e+00   0.00000000e+00   0.00000000e+00   2.00000000e+00]
 [  6.33000000e+02   1.64000000e+02   1.82700000e+03   7.23600000e+03]]
1
[[  0.00000000e+00   0.00000000e+00   0.00000000e+00   0.00000000e+00]
 [  0.00000000e+00   0.00000000e+00   0.00000000e+00   0.00000000e+00]
 [  2.00000000e+00   0.00000000e+00   9.00000000e+00   1.30000000e+01]
 [  6.31000000e+02   1.64000000e+02   1.81800000e+03   7.22500000e+03]]
2
[[  0.00000000e+00   0.00000000e+00   0.00000000e+00   0.00000000e+00]
 [  0.00000000e+00   0.00000000e+00   0.00000000e+00   0.00000000e+00]
 [  6.00000000e+00   0.00000000e+00   1.40000000e+01   2.80000000e+01]
 [  6.27000000e+02   1.64000000e+02   1.81300000e+03   7.21000000e+03]]
3
[[  0.00000000e+00   0.00000000e+00   0.00000000e+00   0.00000000e+00]
 [  0.00000000e+00   0.00000000e+00   0.00000000e+00   0.00000000e+00]
 [  7.00000000e+00   0.00000000e+00   2.00000000e+01   3.20000000e+01]
 [  6.26000000e+02   1.64000000e+02   1.80700000e+03   7.20600000e+03]]
4
[[  0.00000000e+00   0.00000000e+00   0.00000000e+00   0.00000000e+00]
 [  0.00000000e+00   0.00000000e+00   0.00000000e+00   0.00000000e+00]
 [  6.00000000e+00   0.00000000e+00   2.10000000e+01   3.40000000e+01]
 [  6.27000000e+02   1.64000000e+02   1.80600000e+03   7.20400000e+03]]
5
[[  0.00000000e+00   0.00000000e+00   0.00000000e+00   0.00000000e+00]
 [  0.00000000e+00   0.00000000e+00   0.00000000e+00   0.00000000e+00]
 [  7.00000000e+00   0.00000000e+00   4.10000000e+01   6.60000000e+01]
 [  6.26000000e+02   1.64000000e+02   1.78600000e+03   7.17200000e+03]]
6
[[  0.00000000e+00   0.00000000e+00   0.00000000e+00   0.00000000e+00]
 [  0.00000000e+00   0.00000000e+00   0.00000000e+00   0.00000000e+00]
 [  7.00000000e+00   0.00000000e+00   4.00000000e+01   5.90000000e+01]
 [  6.26000000e+02   1.64000000e+02   1.78700000e+03   7.17900000e+03]]
7
[[    0.     0.     0.     0.]
 [    0.     0.     0.     0.]
 [   15.     0.    57.    83.]
 [  618.   164.  1770.  7155.]]
8
[[    0.     0.     0.     0.]
 [    0.     0.     0.     0.]
 [   21.     0.    98.   116.]
 [  612.   164.  1729.  7122.]]
9
[[    0.     0.     0.     0.]
 [    0.     0.     0.     0.]
 [   19.     0.    79.    95.]
 [  614.   164.  1748.  7143.]]
