0
[[  0.00000000e+00   0.00000000e+00   0.00000000e+00   0.00000000e+00]
 [  0.00000000e+00   0.00000000e+00   0.00000000e+00   0.00000000e+00]
 [  1.00000000e+00   0.00000000e+00   3.00000000e+00   0.00000000e+00]
 [  6.32000000e+02   1.64000000e+02   1.82400000e+03   7.23800000e+03]]
1
[[  1.00000000e+00   0.00000000e+00   0.00000000e+00   0.00000000e+00]
 [  0.00000000e+00   0.00000000e+00   0.00000000e+00   0.00000000e+00]
 [  9.00000000e+00   0.00000000e+00   9.30000000e+01   1.63000000e+02]
 [  6.23000000e+02   1.64000000e+02   1.73400000e+03   7.07500000e+03]]
2
[[  2.00000000e+00   0.00000000e+00   1.00000000e+00   8.00000000e+00]
 [  0.00000000e+00   0.00000000e+00   0.00000000e+00   0.00000000e+00]
 [  6.00000000e+00   0.00000000e+00   9.20000000e+01   1.64000000e+02]
 [  6.25000000e+02   1.64000000e+02   1.73400000e+03   7.06600000e+03]]
3
[[  1.10000000e+01   1.00000000e+00   6.00000000e+00   4.40000000e+01]
 [  0.00000000e+00   0.00000000e+00   0.00000000e+00   0.00000000e+00]
 [  2.80000000e+01   7.00000000e+00   2.63000000e+02   7.18000000e+02]
 [  5.94000000e+02   1.56000000e+02   1.55800000e+03   6.47600000e+03]]
4
[[  8.00000000e+00   1.00000000e+00   7.00000000e+00   3.70000000e+01]
 [  0.00000000e+00   0.00000000e+00   0.00000000e+00   0.00000000e+00]
 [  1.10000000e+01   2.00000000e+00   1.58000000e+02   4.42000000e+02]
 [  6.14000000e+02   1.61000000e+02   1.66200000e+03   6.75900000e+03]]
5
[[  1.40000000e+01   1.00000000e+00   7.00000000e+00   5.20000000e+01]
 [  0.00000000e+00   0.00000000e+00   0.00000000e+00   0.00000000e+00]
 [  2.60000000e+01   5.00000000e+00   2.57000000e+02   7.36000000e+02]
 [  5.93000000e+02   1.58000000e+02   1.56300000e+03   6.45000000e+03]]
6
[[  2.40000000e+01   3.00000000e+00   1.40000000e+01   1.06000000e+02]
 [  0.00000000e+00   1.00000000e+00   0.00000000e+00   1.00000000e+00]
 [  2.80000000e+01   6.00000000e+00   2.79000000e+02   8.29000000e+02]
 [  5.81000000e+02   1.54000000e+02   1.53400000e+03   6.30200000e+03]]
7
[[  1.70000000e+01   1.00000000e+00   8.00000000e+00   6.40000000e+01]
 [  0.00000000e+00   1.00000000e+00   0.00000000e+00   1.00000000e+00]
 [  3.00000000e+01   7.00000000e+00   2.99000000e+02   9.33000000e+02]
 [  5.86000000e+02   1.55000000e+02   1.52000000e+03   6.24000000e+03]]
8
[[  2.00000000e+01   1.00000000e+00   9.00000000e+00   8.80000000e+01]
 [  0.00000000e+00   1.00000000e+00   0.00000000e+00   0.00000000e+00]
 [  1.60000000e+01   5.00000000e+00   2.30000000e+02   6.20000000e+02]
 [  5.97000000e+02   1.57000000e+02   1.58800000e+03   6.53000000e+03]]
9
[[  3.30000000e+01   3.00000000e+00   1.70000000e+01   1.47000000e+02]
 [  2.00000000e+00   1.00000000e+00   0.00000000e+00   1.00000000e+00]
 [  1.80000000e+01   6.00000000e+00   2.68000000e+02   7.26000000e+02]
 [  5.80000000e+02   1.54000000e+02   1.54200000e+03   6.36400000e+03]]
