0
[[    0.     0.     0.     0.]
 [    0.     0.     0.     0.]
 [    0.     0.     0.     0.]
 [  633.   164.  1827.  7238.]]
1
[[  0.00000000e+00   0.00000000e+00   0.00000000e+00   0.00000000e+00]
 [  0.00000000e+00   0.00000000e+00   0.00000000e+00   0.00000000e+00]
 [  0.00000000e+00   0.00000000e+00   1.00000000e+00   7.00000000e+00]
 [  6.33000000e+02   1.64000000e+02   1.82600000e+03   7.23100000e+03]]
2
[[  0.00000000e+00   0.00000000e+00   0.00000000e+00   0.00000000e+00]
 [  0.00000000e+00   0.00000000e+00   0.00000000e+00   0.00000000e+00]
 [  2.00000000e+00   0.00000000e+00   2.00000000e+01   2.30000000e+01]
 [  6.31000000e+02   1.64000000e+02   1.80700000e+03   7.21500000e+03]]
3
[[  1.00000000e+00   0.00000000e+00   0.00000000e+00   0.00000000e+00]
 [  0.00000000e+00   0.00000000e+00   0.00000000e+00   0.00000000e+00]
 [  1.40000000e+01   2.00000000e+00   1.52000000e+02   2.10000000e+02]
 [  6.18000000e+02   1.62000000e+02   1.67500000e+03   7.02800000e+03]]
4
[[  0.00000000e+00   0.00000000e+00   0.00000000e+00   0.00000000e+00]
 [  0.00000000e+00   0.00000000e+00   0.00000000e+00   0.00000000e+00]
 [  9.00000000e+00   1.00000000e+00   9.40000000e+01   1.11000000e+02]
 [  6.24000000e+02   1.63000000e+02   1.73300000e+03   7.12700000e+03]]
5
[[  1.00000000e+00   0.00000000e+00   0.00000000e+00   0.00000000e+00]
 [  0.00000000e+00   0.00000000e+00   0.00000000e+00   0.00000000e+00]
 [  1.80000000e+01   5.00000000e+00   1.75000000e+02   2.23000000e+02]
 [  6.14000000e+02   1.59000000e+02   1.65200000e+03   7.01500000e+03]]
6
[[  1.00000000e+00   0.00000000e+00   0.00000000e+00   4.00000000e+00]
 [  0.00000000e+00   0.00000000e+00   0.00000000e+00   0.00000000e+00]
 [  2.00000000e+01   5.00000000e+00   1.86000000e+02   1.99000000e+02]
 [  6.12000000e+02   1.59000000e+02   1.64100000e+03   7.03500000e+03]]
7
[[  1.00000000e+00   0.00000000e+00   1.00000000e+00   0.00000000e+00]
 [  0.00000000e+00   0.00000000e+00   0.00000000e+00   0.00000000e+00]
 [  2.10000000e+01   5.00000000e+00   2.15000000e+02   2.39000000e+02]
 [  6.11000000e+02   1.59000000e+02   1.61100000e+03   6.99900000e+03]]
8
[[  2.00000000e+00   0.00000000e+00   2.00000000e+00   8.00000000e+00]
 [  0.00000000e+00   0.00000000e+00   0.00000000e+00   0.00000000e+00]
 [  2.00000000e+01   5.00000000e+00   1.97000000e+02   1.49000000e+02]
 [  6.11000000e+02   1.59000000e+02   1.62800000e+03   7.08100000e+03]]
9
[[  1.00000000e+00   0.00000000e+00   0.00000000e+00   4.00000000e+00]
 [  0.00000000e+00   0.00000000e+00   0.00000000e+00   0.00000000e+00]
 [  2.10000000e+01   5.00000000e+00   2.10000000e+02   1.71000000e+02]
 [  6.11000000e+02   1.59000000e+02   1.61700000e+03   7.06300000e+03]]
