0
Training loss:  0.968093295892
Dev error rate:  0.352941176471
0
[[  0.   0.   0.   0.]
 [  0.   0.   0.   0.]
 [  0.   0.   0.   0.]
 [  4.   1.   7.  22.]]
1
Training loss:  0.746662030617
Dev error rate:  0.352941176471
1
[[  0.   0.   0.   0.]
 [  0.   0.   0.   0.]
 [  0.   0.   0.   0.]
 [  4.   1.   7.  22.]]
2
Training loss:  0.663010329008
Dev error rate:  0.382352941176
2
[[  0.   0.   0.   1.]
 [  0.   0.   0.   0.]
 [  0.   0.   0.   0.]
 [  4.   1.   7.  21.]]
3
Training loss:  0.484868044655
Dev error rate:  0.352941176471
3
[[  0.   0.   0.   0.]
 [  0.   0.   0.   0.]
 [  0.   0.   0.   0.]
 [  4.   1.   7.  22.]]
0
Training loss:  1.00102576613
Dev error rate:  0.352941176471
0
[[  0.   0.   0.   0.]
 [  0.   0.   0.   0.]
 [  0.   0.   0.   0.]
 [  4.   1.   7.  22.]]
0
Training loss:  0.970509936412
Dev error rate:  0.352941176471
0
[[  0.   0.   0.   0.]
 [  0.   0.   0.   0.]
 [  0.   0.   0.   0.]
 [  4.   1.   7.  22.]]
