0
[[  118.    13.    81.   167.]
 [    0.     0.     0.     0.]
 [   46.    15.   612.   463.]
 [  469.   136.  1134.  6608.]]
1
[[  2.98000000e+02   4.70000000e+01   2.79000000e+02   4.61000000e+02]
 [  4.00000000e+00   7.00000000e+00   8.00000000e+00   2.00000000e+01]
 [  1.10000000e+02   4.20000000e+01   9.57000000e+02   6.26000000e+02]
 [  2.21000000e+02   6.80000000e+01   5.83000000e+02   6.13100000e+03]]
2
[[  405.    70.   257.   455.]
 [   12.    22.    30.    66.]
 [  100.    39.  1092.   683.]
 [  116.    33.   448.  6034.]]
3
[[  298.    51.   216.   262.]
 [   37.    46.    40.    56.]
 [   97.    20.  1046.   548.]
 [  201.    47.   525.  6372.]]
4
[[  303.    26.   168.   334.]
 [   40.    44.    29.    52.]
 [  154.    62.  1240.   631.]
 [  136.    32.   390.  6221.]]
5
[[  310.    43.   243.   304.]
 [   17.    26.    31.    20.]
 [  119.    47.  1114.   477.]
 [  187.    48.   439.  6437.]]
6
[[  316.    36.   217.   316.]
 [   21.    37.    39.    37.]
 [  107.    43.  1131.   509.]
 [  189.    48.   440.  6376.]]
7
[[  328.    36.   209.   260.]
 [   23.    41.    41.    42.]
 [  100.    42.  1047.   411.]
 [  182.    45.   530.  6525.]]
8
[[  396.    50.   271.   377.]
 [   30.    61.    62.    27.]
 [   91.    28.  1172.   464.]
 [  116.    25.   322.  6370.]]
9
[[  367.    42.   237.   347.]
 [   52.    66.    49.    46.]
 [  101.    35.  1144.   576.]
 [  113.    21.   397.  6269.]]
