0
[[  161.    19.    92.   332.]
 [    0.     0.     0.     0.]
 [  126.    66.   915.   716.]
 [  346.    79.   820.  6190.]]
1
[[  2.97000000e+02   5.30000000e+01   1.99000000e+02   5.17000000e+02]
 [  6.00000000e+00   1.00000000e+01   3.00000000e+00   1.20000000e+01]
 [  1.63000000e+02   5.30000000e+01   1.09300000e+03   7.64000000e+02]
 [  1.67000000e+02   4.80000000e+01   5.32000000e+02   5.94500000e+03]]
2
[[  293.    30.   191.   326.]
 [   20.    15.    22.    61.]
 [  147.    67.  1197.   654.]
 [  173.    52.   417.  6197.]]
3
[[  327.    55.   239.   476.]
 [   29.    45.    22.    65.]
 [  150.    35.  1297.   649.]
 [  127.    29.   269.  6048.]]
4
[[  260.    27.   175.   216.]
 [   39.    51.    27.    44.]
 [  182.    53.  1224.   391.]
 [  152.    33.   401.  6587.]]
5
[[  292.    24.   175.   286.]
 [   34.    46.    36.    56.]
 [  193.    57.  1358.   609.]
 [  114.    37.   258.  6287.]]
6
[[  288.    42.   251.   237.]
 [   41.    40.    32.    39.]
 [  166.    48.  1186.   375.]
 [  138.    34.   358.  6587.]]
7
[[  327.    41.   274.   256.]
 [   33.    57.    55.    54.]
 [  148.    40.  1160.   352.]
 [  125.    26.   338.  6576.]]
8
[[  322.    39.   234.   358.]
 [   43.    53.    44.    60.]
 [  186.    51.  1252.   400.]
 [   82.    21.   297.  6420.]]
9
[[  290.    30.   165.   219.]
 [   41.    44.    27.    71.]
 [  184.    71.  1306.   442.]
 [  118.    19.   329.  6506.]]
10
[[  311.    35.   175.   238.]
 [   51.    50.    34.    35.]
 [  179.    51.  1298.   380.]
 [   92.    28.   320.  6585.]]
11
[[  306.    30.   189.   254.]
 [   50.    43.    38.    35.]
 [  187.    60.  1346.   528.]
 [   90.    31.   254.  6421.]]
12
[[  298.    39.   185.   195.]
 [   71.    65.    56.    51.]
 [  153.    29.  1254.   376.]
 [  111.    31.   332.  6616.]]
13
[[  269.    30.   157.   192.]
 [   42.    39.    37.    31.]
 [  207.    79.  1324.   481.]
 [  115.    16.   309.  6534.]]
14
[[  338.    41.   238.   242.]
 [   42.    49.    49.    71.]
 [  171.    56.  1221.   382.]
 [   82.    18.   319.  6543.]]
15
[[  338.    35.   207.   248.]
 [   41.    48.    43.    43.]
 [  168.    60.  1273.   332.]
 [   86.    21.   304.  6615.]]
16
[[  340.    33.   220.   199.]
 [   39.    50.    47.    38.]
 [  144.    50.  1287.   366.]
 [  110.    31.   273.  6635.]]
17
[[  291.    29.   151.   163.]
 [   35.    53.    57.    33.]
 [  164.    54.  1278.   339.]
 [  143.    28.   341.  6703.]]
18
[[  312.    34.   168.   186.]
 [   45.    41.    56.    54.]
 [  204.    65.  1380.   407.]
 [   72.    24.   223.  6591.]]
19
[[  274.    32.   137.   227.]
 [   41.    46.    47.    50.]
 [  222.    62.  1355.   424.]
 [   96.    24.   288.  6537.]]
