0
[[   93.    28.    65.   112.]
 [    0.     0.     0.     0.]
 [  104.    43.   764.   537.]
 [  436.    93.   998.  6589.]]
1
[[  1.83000000e+02   4.20000000e+01   1.46000000e+02   2.70000000e+02]
 [  1.00000000e+00   0.00000000e+00   0.00000000e+00   1.00000000e+00]
 [  1.50000000e+02   5.00000000e+01   1.08000000e+03   6.65000000e+02]
 [  2.99000000e+02   7.20000000e+01   6.01000000e+02   6.30200000e+03]]
2
[[  285.    46.   230.   485.]
 [   29.    35.    38.    11.]
 [  141.    39.  1247.   552.]
 [  178.    44.   312.  6190.]]
3
[[  3.08000000e+02   8.10000000e+01   3.07000000e+02   3.83000000e+02]
 [  1.10000000e+01   1.30000000e+01   2.20000000e+01   4.00000000e+00]
 [  1.73000000e+02   3.90000000e+01   1.18800000e+03   6.23000000e+02]
 [  1.41000000e+02   3.10000000e+01   3.10000000e+02   6.22800000e+03]]
4
[[  272.    36.   210.   329.]
 [   72.    67.    80.    57.]
 [  206.    45.  1371.   700.]
 [   83.    16.   166.  6152.]]
5
[[  271.    30.   210.   289.]
 [   58.    68.    49.    23.]
 [  203.    35.  1348.   561.]
 [  101.    31.   220.  6365.]]
6
[[  340.    61.   290.   282.]
 [   32.    49.    45.    49.]
 [  121.    35.  1165.   334.]
 [  140.    19.   327.  6573.]]
7
[[  345.    46.   281.   274.]
 [   58.    73.    39.    36.]
 [  114.    26.  1143.   359.]
 [  116.    19.   364.  6569.]]
8
[[  394.    67.   358.   371.]
 [   35.    46.    34.    47.]
 [  125.    36.  1216.   387.]
 [   79.    15.   219.  6433.]]
9
[[  298.    21.   233.   251.]
 [   80.    85.    70.    56.]
 [  143.    38.  1308.   442.]
 [  112.    20.   216.  6489.]]
10
[[  331.    42.   273.   324.]
 [   57.    81.    47.    66.]
 [  152.    21.  1220.   328.]
 [   93.    20.   287.  6520.]]
11
[[  284.    39.   245.   291.]
 [   51.    69.    46.    35.]
 [  186.    25.  1275.   411.]
 [  112.    31.   261.  6501.]]
12
[[  325.    35.   261.   323.]
 [   66.    81.    56.    58.]
 [  158.    29.  1279.   456.]
 [   84.    19.   231.  6401.]]
13
[[  380.    52.   296.   436.]
 [   52.    71.    63.    84.]
 [  134.    28.  1292.   361.]
 [   67.    13.   176.  6357.]]
