0
[[  131.    22.    99.   240.]
 [    0.     0.     0.     0.]
 [   65.    27.   533.   306.]
 [  437.   115.  1195.  6692.]]
1
[[  1.85000000e+02   2.70000000e+01   1.63000000e+02   2.57000000e+02]
 [  3.00000000e+00   9.00000000e+00   0.00000000e+00   3.00000000e+00]
 [  1.16000000e+02   5.10000000e+01   8.59000000e+02   3.60000000e+02]
 [  3.29000000e+02   7.70000000e+01   8.05000000e+02   6.61800000e+03]]
2
[[  307.    50.   223.   461.]
 [   15.    19.    11.    17.]
 [  136.    51.  1154.   687.]
 [  175.    44.   439.  6073.]]
3
[[  291.    44.   253.   381.]
 [   27.    24.    23.    34.]
 [  133.    50.  1146.   644.]
 [  182.    46.   405.  6179.]]
4
[[  299.    31.   227.   405.]
 [   32.    46.    37.    67.]
 [  153.    46.  1224.   689.]
 [  149.    41.   339.  6077.]]
