0
[[  129.    30.    80.   125.]
 [    0.     0.     0.     0.]
 [   89.    34.   853.   502.]
 [  415.   100.   894.  6611.]]
1
[[  2.34000000e+02   4.10000000e+01   1.66000000e+02   3.28000000e+02]
 [  5.00000000e+00   6.00000000e+00   1.00000000e+00   3.00000000e+00]
 [  1.44000000e+02   5.90000000e+01   1.27400000e+03   5.69000000e+02]
 [  2.50000000e+02   5.80000000e+01   3.86000000e+02   6.33800000e+03]]
2
[[  378.    53.   265.   493.]
 [   29.    40.    35.    80.]
 [  117.    48.  1253.   492.]
 [  109.    23.   274.  6173.]]
3
[[  337.    42.   215.   350.]
 [   25.    37.    26.    40.]
 [  173.    46.  1333.   569.]
 [   98.    39.   253.  6279.]]
4
[[  311.    23.   251.   331.]
 [   46.    60.    47.    60.]
 [  161.    54.  1269.   411.]
 [  115.    27.   260.  6436.]]
5
[[  306.    29.   210.   243.]
 [   19.    50.    40.    38.]
 [  167.    53.  1256.   422.]
 [  141.    32.   321.  6535.]]
6
[[  369.    52.   288.   296.]
 [   17.    42.    34.    25.]
 [   91.    37.  1098.   289.]
 [  156.    33.   407.  6628.]]
7
[[  345.    31.   279.   269.]
 [   44.    37.    37.    39.]
 [  155.    59.  1262.   366.]
 [   89.    37.   249.  6564.]]
8
[[  344.    32.   257.   266.]
 [   42.    56.    69.    41.]
 [  131.    44.  1233.   347.]
 [  116.    32.   268.  6584.]]
9
[[  329.    22.   241.   286.]
 [   45.    59.    57.    64.]
 [  156.    51.  1273.   317.]
 [  103.    32.   256.  6571.]]
