0
[[  139.    23.    89.   291.]
 [    0.     0.     0.     0.]
 [  141.    54.   957.   841.]
 [  353.    87.   781.  6106.]]
1
[[  275.    31.   167.   436.]
 [    0.     0.     0.     0.]
 [  117.    54.  1114.   825.]
 [  241.    79.   546.  5977.]]
2
[[  3.89000000e+02   6.00000000e+01   3.20000000e+02   7.77000000e+02]
 [  2.00000000e+00   1.00000000e+00   0.00000000e+00   8.00000000e+00]
 [  1.44000000e+02   6.20000000e+01   1.08100000e+03   7.59000000e+02]
 [  9.80000000e+01   4.10000000e+01   4.26000000e+02   5.69400000e+03]]
3
[[  3.09000000e+02   5.30000000e+01   2.47000000e+02   4.07000000e+02]
 [  6.00000000e+00   7.00000000e+00   7.00000000e+00   1.00000000e+01]
 [  1.29000000e+02   3.90000000e+01   1.11000000e+03   7.75000000e+02]
 [  1.89000000e+02   6.50000000e+01   4.63000000e+02   6.04600000e+03]]
4
[[  292.    35.   199.   321.]
 [   22.    32.    34.    27.]
 [  116.    36.   997.   478.]
 [  203.    61.   597.  6412.]]
5
[[  256.    19.   219.   277.]
 [   26.    31.    21.    56.]
 [  138.    49.  1118.   660.]
 [  213.    65.   469.  6245.]]
6
[[  279.    36.   201.   271.]
 [   16.    25.    31.    30.]
 [  153.    48.  1057.   550.]
 [  185.    55.   538.  6387.]]
7
[[  356.    33.   310.   457.]
 [   17.    24.    21.    43.]
 [   85.    40.   982.   403.]
 [  175.    67.   514.  6335.]]
8
[[  383.    68.   310.   408.]
 [   22.    25.    36.    51.]
 [   92.    25.  1058.   446.]
 [  136.    46.   423.  6333.]]
9
[[  253.    23.   177.   214.]
 [   30.    25.    26.    44.]
 [  138.    51.  1190.   587.]
 [  212.    65.   434.  6393.]]
