0
[[  182.    22.   164.   399.]
 [    0.     0.     0.     0.]
 [  126.    35.   938.   910.]
 [  325.   107.   725.  5929.]]
1
[[  2.30000000e+02   4.00000000e+01   1.76000000e+02   4.05000000e+02]
 [  0.00000000e+00   0.00000000e+00   0.00000000e+00   2.00000000e+00]
 [  1.41000000e+02   4.30000000e+01   1.15000000e+03   8.39000000e+02]
 [  2.62000000e+02   8.10000000e+01   5.01000000e+02   5.99200000e+03]]
2
[[  3.39000000e+02   7.50000000e+01   3.37000000e+02   6.12000000e+02]
 [  1.00000000e+00   1.00000000e+00   1.00000000e+00   6.00000000e+00]
 [  1.23000000e+02   2.80000000e+01   1.08100000e+03   7.26000000e+02]
 [  1.70000000e+02   6.00000000e+01   4.08000000e+02   5.89400000e+03]]
3
[[  3.05000000e+02   4.30000000e+01   3.08000000e+02   4.01000000e+02]
 [  1.30000000e+01   1.60000000e+01   5.00000000e+00   3.00000000e+00]
 [  9.50000000e+01   2.50000000e+01   1.10600000e+03   5.31000000e+02]
 [  2.20000000e+02   8.00000000e+01   4.08000000e+02   6.30300000e+03]]
4
[[  325.    54.   311.   473.]
 [   12.    20.     7.     8.]
 [  130.    30.  1175.   808.]
 [  166.    60.   334.  5949.]]
5
[[  3.07000000e+02   3.90000000e+01   2.71000000e+02   3.81000000e+02]
 [  1.00000000e+01   1.20000000e+01   1.40000000e+01   6.00000000e+00]
 [  1.36000000e+02   3.70000000e+01   1.09300000e+03   5.04000000e+02]
 [  1.80000000e+02   7.60000000e+01   4.49000000e+02   6.34700000e+03]]
6
[[  333.    49.   328.   398.]
 [    9.    20.    41.    22.]
 [  104.    30.  1038.   442.]
 [  187.    65.   420.  6376.]]
7
[[  279.    32.   241.   308.]
 [   32.    45.    76.    40.]
 [   86.    15.   916.   288.]
 [  236.    72.   594.  6602.]]
8
[[  338.    45.   306.   434.]
 [   29.    38.    90.    70.]
 [  117.    33.  1053.   408.]
 [  149.    48.   378.  6326.]]
9
[[  297.    33.   234.   305.]
 [   17.    32.    49.    34.]
 [  121.    27.  1067.   501.]
 [  198.    72.   477.  6398.]]
