0
[[  126.    24.   108.   197.]
 [    0.     0.     0.     0.]
 [  104.    38.   725.   470.]
 [  403.   102.   994.  6571.]]
1
[[  224.    27.   190.   357.]
 [   24.    21.    41.    38.]
 [  178.    63.  1235.   618.]
 [  207.    53.   361.  6225.]]
2
[[  295.    48.   207.   343.]
 [   30.    32.    37.    29.]
 [  153.    41.  1275.   576.]
 [  155.    43.   308.  6290.]]
3
[[  291.    51.   240.   269.]
 [   22.    27.    21.    46.]
 [  160.    41.  1213.   602.]
 [  160.    45.   353.  6321.]]
4
[[  224.    25.   167.   245.]
 [   71.    62.    55.    48.]
 [  191.    49.  1250.   568.]
 [  147.    28.   355.  6377.]]
5
[[  286.    58.   222.   299.]
 [   27.    35.    35.    24.]
 [  173.    40.  1286.   579.]
 [  147.    31.   284.  6336.]]
6
[[  313.    46.   216.   311.]
 [   31.    45.    52.    51.]
 [  127.    34.  1156.   343.]
 [  162.    39.   403.  6533.]]
7
[[  317.    37.   301.   303.]
 [   50.    76.    58.    57.]
 [  120.    14.  1123.   373.]
 [  146.    37.   345.  6505.]]
8
[[  216.    31.   171.   226.]
 [   33.    37.    36.    38.]
 [  221.    57.  1260.   427.]
 [  163.    39.   360.  6547.]]
9
[[  264.    34.   191.   203.]
 [   34.    49.    36.    47.]
 [  159.    46.  1258.   336.]
 [  176.    35.   342.  6652.]]
