0
[[  0.   0.   0.   0.]
 [  0.   0.   0.   0.]
 [  0.   0.   0.   0.]
 [  4.   1.   7.  22.]]
1
[[  0.   0.   0.   0.]
 [  0.   0.   0.   0.]
 [  0.   0.   0.   0.]
 [  4.   1.   7.  22.]]
2
[[  0.   0.   0.   0.]
 [  0.   0.   0.   0.]
 [  0.   1.   2.   3.]
 [  4.   0.   5.  19.]]
3
[[  0.   0.   0.   0.]
 [  0.   0.   0.   0.]
 [  0.   0.   0.   0.]
 [  4.   1.   7.  22.]]
4
[[  0.   0.   0.   0.]
 [  0.   0.   0.   0.]
 [  0.   0.   0.   0.]
 [  4.   1.   7.  22.]]
5
[[  0.   0.   0.   0.]
 [  0.   0.   0.   0.]
 [  0.   0.   0.   0.]
 [  4.   1.   7.  22.]]
6
[[  0.   0.   0.   0.]
 [  0.   0.   0.   0.]
 [  0.   0.   0.   0.]
 [  4.   1.   7.  22.]]
7
[[  0.   0.   0.   1.]
 [  0.   0.   0.   0.]
 [  0.   0.   0.   0.]
 [  4.   1.   7.  21.]]
8
[[  0.   0.   0.   0.]
 [  0.   0.   0.   0.]
 [  0.   0.   0.   0.]
 [  4.   1.   7.  22.]]
9
[[  0.   0.   0.   0.]
 [  0.   0.   0.   1.]
 [  0.   0.   0.   1.]
 [  4.   1.   7.  20.]]
