0
[[  3.50000000e+01   5.00000000e+00   3.10000000e+01   2.05000000e+02]
 [  0.00000000e+00   0.00000000e+00   0.00000000e+00   0.00000000e+00]
 [  1.15000000e+02   3.40000000e+01   6.65000000e+02   2.00400000e+03]
 [  4.83000000e+02   1.25000000e+02   1.13100000e+03   5.02900000e+03]]
1
[[   65.     8.    45.   291.]
 [    0.     0.     0.     0.]
 [   45.    17.   374.  1229.]
 [  523.   139.  1408.  5718.]]
2
[[   79.    14.    81.   726.]
 [    0.     0.     0.     0.]
 [   53.    17.   385.  1337.]
 [  501.   133.  1361.  5175.]]
3
[[   66.     8.    44.   392.]
 [    0.     0.     0.     0.]
 [   68.    17.   317.   944.]
 [  499.   139.  1466.  5902.]]
4
[[   68.     6.    30.   496.]
 [    0.     0.     0.     0.]
 [   89.    31.   489.  1266.]
 [  476.   127.  1308.  5476.]]
5
[[  109.    11.    95.   711.]
 [    0.     0.     0.     0.]
 [   61.    10.   411.  1139.]
 [  463.   143.  1321.  5388.]]
6
[[   86.    10.    26.   365.]
 [    0.     0.     0.     0.]
 [   75.    17.   353.  1360.]
 [  472.   137.  1448.  5513.]]
7
[[   72.    11.    72.   800.]
 [    0.     0.     0.     0.]
 [   51.    17.   304.   739.]
 [  510.   136.  1451.  5699.]]
8
[[  7.20000000e+01   9.00000000e+00   5.20000000e+01   5.86000000e+02]
 [  0.00000000e+00   0.00000000e+00   1.00000000e+00   3.90000000e+01]
 [  3.40000000e+01   5.00000000e+00   2.45000000e+02   5.30000000e+02]
 [  5.27000000e+02   1.50000000e+02   1.52900000e+03   6.08300000e+03]]
9
[[  9.80000000e+01   7.00000000e+00   9.90000000e+01   5.99000000e+02]
 [  2.00000000e+00   0.00000000e+00   0.00000000e+00   1.70000000e+01]
 [  7.10000000e+01   2.00000000e+01   2.55000000e+02   9.12000000e+02]
 [  4.62000000e+02   1.37000000e+02   1.47300000e+03   5.71000000e+03]]
