0
[[  3.50000000e+01   5.00000000e+00   1.30000000e+01   1.66000000e+02]
 [  0.00000000e+00   0.00000000e+00   0.00000000e+00   0.00000000e+00]
 [  1.23000000e+02   3.00000000e+01   4.66000000e+02   1.62400000e+03]
 [  4.75000000e+02   1.29000000e+02   1.34800000e+03   5.44800000e+03]]
1
[[  2.30000000e+01   1.00000000e+00   9.00000000e+00   8.30000000e+01]
 [  2.00000000e+00   4.00000000e+00   1.30000000e+01   3.50000000e+01]
 [  5.40000000e+01   3.00000000e+01   2.75000000e+02   1.03600000e+03]
 [  5.54000000e+02   1.29000000e+02   1.53000000e+03   6.08400000e+03]]
2
[[   65.    12.    71.   792.]
 [    0.     0.     0.     0.]
 [  101.    38.   348.  1466.]
 [  467.   114.  1408.  4980.]]
3
[[  4.60000000e+01   3.00000000e+00   2.60000000e+01   4.22000000e+02]
 [  0.00000000e+00   0.00000000e+00   0.00000000e+00   0.00000000e+00]
 [  8.70000000e+01   3.10000000e+01   3.09000000e+02   1.25000000e+03]
 [  5.00000000e+02   1.30000000e+02   1.49200000e+03   5.56600000e+03]]
4
[[  6.30000000e+01   4.00000000e+00   3.60000000e+01   4.45000000e+02]
 [  5.00000000e+00   1.20000000e+01   9.00000000e+00   1.02000000e+02]
 [  8.20000000e+01   2.50000000e+01   3.43000000e+02   1.33300000e+03]
 [  4.83000000e+02   1.23000000e+02   1.43900000e+03   5.35800000e+03]]
5
[[   63.    13.    47.   675.]
 [    0.     0.     0.     0.]
 [   59.     8.   206.   563.]
 [  511.   143.  1574.  6000.]]
6
[[  6.00000000e+01   6.00000000e+00   5.70000000e+01   6.30000000e+02]
 [  2.00000000e+00   4.00000000e+00   0.00000000e+00   3.00000000e+01]
 [  8.50000000e+01   3.50000000e+01   3.33000000e+02   1.24900000e+03]
 [  4.86000000e+02   1.19000000e+02   1.43700000e+03   5.32900000e+03]]
7
[[   48.     9.    64.   592.]
 [    0.     0.    14.    67.]
 [   56.    15.   234.   955.]
 [  529.   140.  1515.  5624.]]
8
[[  5.20000000e+01   1.60000000e+01   3.90000000e+01   6.57000000e+02]
 [  0.00000000e+00   0.00000000e+00   1.30000000e+01   5.00000000e+00]
 [  3.40000000e+01   6.00000000e+00   1.29000000e+02   4.19000000e+02]
 [  5.47000000e+02   1.42000000e+02   1.64600000e+03   6.15700000e+03]]
9
[[  2.90000000e+01   1.00000000e+00   4.80000000e+01   4.45000000e+02]
 [  2.00000000e+00   3.00000000e+00   1.40000000e+01   6.70000000e+01]
 [  5.60000000e+01   2.40000000e+01   2.28000000e+02   9.51000000e+02]
 [  5.46000000e+02   1.36000000e+02   1.53700000e+03   5.77500000e+03]]
