0
[[  0.   0.   0.   0.]
 [  0.   0.   0.   0.]
 [  0.   0.   0.   0.]
 [  4.   1.   7.  22.]]
1
[[  0.   0.   0.   0.]
 [  0.   0.   0.   0.]
 [  0.   0.   0.   0.]
 [  4.   1.   7.  22.]]
2
[[  0.   0.   0.   0.]
 [  0.   0.   0.   0.]
 [  0.   0.   0.   0.]
 [  4.   1.   7.  22.]]
3
[[  0.   0.   0.   0.]
 [  0.   0.   0.   0.]
 [  0.   0.   0.   0.]
 [  4.   1.   7.  22.]]
4
[[  0.   0.   0.   0.]
 [  0.   0.   0.   0.]
 [  0.   0.   0.   0.]
 [  4.   1.   7.  22.]]
5
[[  0.   0.   0.   0.]
 [  0.   0.   0.   0.]
 [  0.   0.   0.   0.]
 [  4.   1.   7.  22.]]
6
[[  0.   0.   0.   0.]
 [  0.   0.   0.   0.]
 [  0.   0.   0.   0.]
 [  4.   1.   7.  22.]]
7
[[  0.   0.   0.   0.]
 [  0.   0.   0.   0.]
 [  1.   0.   2.   0.]
 [  3.   1.   5.  22.]]
8
[[  0.   0.   0.   0.]
 [  0.   0.   0.   0.]
 [  0.   0.   0.   0.]
 [  4.   1.   7.  22.]]
9
[[  0.   0.   0.   0.]
 [  0.   0.   0.   0.]
 [  0.   0.   0.   0.]
 [  4.   1.   7.  22.]]
