0
[[    0.     0.     0.     0.]
 [    0.     0.     0.     0.]
 [   75.    18.   177.  1263.]
 [  558.   146.  1650.  5975.]]
1
[[  0.00000000e+00   0.00000000e+00   0.00000000e+00   0.00000000e+00]
 [  0.00000000e+00   0.00000000e+00   0.00000000e+00   0.00000000e+00]
 [  3.00000000e+00   0.00000000e+00   0.00000000e+00   2.80000000e+01]
 [  6.30000000e+02   1.64000000e+02   1.82700000e+03   7.21000000e+03]]
2
[[    0.     0.     0.     0.]
 [    0.     0.     0.     0.]
 [    0.     0.     0.     0.]
 [  633.   164.  1827.  7238.]]
