0
[[  0.00000000e+00   0.00000000e+00   0.00000000e+00   0.00000000e+00]
 [  0.00000000e+00   0.00000000e+00   0.00000000e+00   0.00000000e+00]
 [  1.10000000e+01   2.00000000e+00   1.46000000e+02   3.05000000e+02]
 [  6.22000000e+02   1.62000000e+02   1.68100000e+03   6.93300000e+03]]
1
[[  0.00000000e+00   0.00000000e+00   0.00000000e+00   0.00000000e+00]
 [  0.00000000e+00   0.00000000e+00   0.00000000e+00   0.00000000e+00]
 [  4.00000000e+00   0.00000000e+00   9.90000000e+01   3.32000000e+02]
 [  6.29000000e+02   1.64000000e+02   1.72800000e+03   6.90600000e+03]]
2
[[    0.     0.     0.     0.]
 [    0.     0.     0.     0.]
 [    0.     0.    10.    25.]
 [  633.   164.  1817.  7213.]]
3
[[  0.00000000e+00   0.00000000e+00   0.00000000e+00   0.00000000e+00]
 [  0.00000000e+00   0.00000000e+00   0.00000000e+00   0.00000000e+00]
 [  0.00000000e+00   0.00000000e+00   0.00000000e+00   2.00000000e+00]
 [  6.33000000e+02   1.64000000e+02   1.82700000e+03   7.23600000e+03]]
