0
[[  5.40000000e+01   2.00000000e+00   4.50000000e+01   1.61000000e+02]
 [  0.00000000e+00   0.00000000e+00   0.00000000e+00   0.00000000e+00]
 [  1.08000000e+02   3.60000000e+01   3.92000000e+02   8.07000000e+02]
 [  4.71000000e+02   1.26000000e+02   1.39000000e+03   6.27000000e+03]]
1
[[  9.40000000e+01   1.00000000e+01   9.50000000e+01   4.24000000e+02]
 [  1.00000000e+00   3.00000000e+00   0.00000000e+00   0.00000000e+00]
 [  1.41000000e+02   5.80000000e+01   6.74000000e+02   1.59000000e+03]
 [  3.97000000e+02   9.30000000e+01   1.05800000e+03   5.22400000e+03]]
2
[[  2.33000000e+02   3.10000000e+01   1.73000000e+02   9.64000000e+02]
 [  6.00000000e+00   2.00000000e+00   1.80000000e+01   2.30000000e+01]
 [  1.16000000e+02   4.60000000e+01   6.58000000e+02   1.25500000e+03]
 [  2.78000000e+02   8.50000000e+01   9.78000000e+02   4.99600000e+03]]
3
[[  200.    22.   150.   724.]
 [   22.    19.    51.    52.]
 [  118.    33.   576.  1062.]
 [  293.    90.  1050.  5400.]]
