0
[[  234.    37.    93.   507.]
 [   25.    24.    13.    58.]
 [  165.    39.   995.   663.]
 [  337.   101.   568.  5759.]]
1
[[  3.50000000e+02   6.30000000e+01   1.56000000e+02   5.28000000e+02]
 [  4.10000000e+01   3.40000000e+01   6.00000000e+00   5.70000000e+01]
 [  1.39000000e+02   5.00000000e+01   9.84000000e+02   3.94000000e+02]
 [  2.31000000e+02   5.40000000e+01   5.23000000e+02   6.00800000e+03]]
2
[[  337.    44.   111.   410.]
 [   34.    35.    14.    48.]
 [  149.    52.  1090.   453.]
 [  241.    70.   454.  6076.]]
3
[[  354.    42.   136.   252.]
 [   33.    37.    13.    45.]
 [   96.    40.  1124.   396.]
 [  278.    82.   396.  6294.]]
4
[[  332.    38.    93.   317.]
 [   22.    36.    12.    39.]
 [  157.    62.  1226.   442.]
 [  250.    65.   338.  6189.]]
5
[[  381.    50.   139.   410.]
 [   53.    65.    24.   103.]
 [   99.    34.  1101.   380.]
 [  228.    52.   405.  6094.]]
6
[[  296.    43.   146.   251.]
 [   46.    41.    24.    52.]
 [  144.    30.   948.   299.]
 [  275.    87.   551.  6385.]]
7
[[  282.    44.   111.   260.]
 [   47.    41.    12.    72.]
 [  135.    38.  1050.   345.]
 [  297.    78.   496.  6310.]]
8
[[  342.    43.   108.   281.]
 [   29.    27.    16.    35.]
 [  127.    43.  1127.   368.]
 [  263.    88.   418.  6303.]]
9
[[  293.    39.    90.   228.]
 [   30.    26.     7.    28.]
 [  142.    42.  1123.   302.]
 [  296.    94.   449.  6429.]]
