0
[[  2.12000000e+02   3.50000000e+01   1.10000000e+02   3.04000000e+02]
 [  3.00000000e+00   4.00000000e+00   6.00000000e+00   1.10000000e+01]
 [  1.49000000e+02   3.30000000e+01   9.47000000e+02   6.22000000e+02]
 [  4.15000000e+02   9.70000000e+01   8.88000000e+02   6.27800000e+03]]
1
[[  2.23000000e+02   2.70000000e+01   1.58000000e+02   3.08000000e+02]
 [  4.00000000e+00   1.40000000e+01   7.00000000e+00   3.90000000e+01]
 [  1.78000000e+02   5.20000000e+01   1.27600000e+03   7.61000000e+02]
 [  3.74000000e+02   7.60000000e+01   5.10000000e+02   6.10700000e+03]]
2
[[  222.    21.   112.   235.]
 [   26.    32.    17.    65.]
 [  153.    31.  1042.   529.]
 [  378.    85.   780.  6386.]]
3
[[  304.    26.   162.   301.]
 [   11.    28.     7.    16.]
 [  186.    50.  1349.   570.]
 [  278.    65.   433.  6328.]]
4
[[  2.90000000e+02   3.70000000e+01   1.89000000e+02   2.56000000e+02]
 [  6.00000000e+00   2.30000000e+01   9.00000000e+00   1.80000000e+01]
 [  1.84000000e+02   4.40000000e+01   1.35600000e+03   4.78000000e+02]
 [  2.99000000e+02   6.50000000e+01   3.97000000e+02   6.46300000e+03]]
5
[[  3.22000000e+02   3.50000000e+01   2.14000000e+02   3.12000000e+02]
 [  2.00000000e+00   2.70000000e+01   2.10000000e+01   9.00000000e+00]
 [  1.56000000e+02   4.50000000e+01   1.10600000e+03   3.96000000e+02]
 [  2.99000000e+02   6.20000000e+01   6.10000000e+02   6.49800000e+03]]
6
[[  373.    11.   185.   323.]
 [   45.    68.    48.    97.]
 [  155.    38.  1309.   487.]
 [  206.    52.   409.  6308.]]
7
[[  207.    12.   132.   157.]
 [   29.    54.    35.    84.]
 [  170.    46.  1264.   559.]
 [  373.    57.   520.  6415.]]
8
[[  269.     8.   160.   205.]
 [   53.    57.    45.   119.]
 [  198.    55.  1290.   513.]
 [  259.    49.   456.  6378.]]
9
[[  243.    23.   121.   134.]
 [   11.    30.    19.    41.]
 [  172.    46.  1289.   419.]
 [  353.    70.   522.  6621.]]
10
[[  337.    19.   177.   300.]
 [   27.    61.    25.    79.]
 [  188.    40.  1330.   453.]
 [  227.    49.   419.  6383.]]
11
[[  285.    19.   125.   166.]
 [   24.    38.    15.    35.]
 [  232.    54.  1473.   551.]
 [  238.    58.   338.  6463.]]
12
[[  327.    15.   180.   228.]
 [   25.    54.    21.    42.]
 [  172.    49.  1345.   473.]
 [  255.    51.   405.  6472.]]
13
[[  333.    24.   165.   244.]
 [   24.    52.    17.    32.]
 [  208.    40.  1330.   456.]
 [  214.    53.   439.  6483.]]
14
[[  254.    20.   130.   157.]
 [   39.    46.    27.    33.]
 [  177.    48.  1365.   574.]
 [  309.    55.   429.  6451.]]
15
[[  327.    26.   179.   284.]
 [   21.    42.    19.    47.]
 [  180.    45.  1268.   424.]
 [  251.    56.   485.  6460.]]
16
[[  363.    27.   258.   256.]
 [   22.    50.    27.    55.]
 [  152.    37.  1190.   383.]
 [  242.    55.   476.  6521.]]
17
[[  303.    12.   191.   208.]
 [   11.    46.    18.    27.]
 [  194.    51.  1329.   533.]
 [  271.    60.   413.  6447.]]
18
[[  350.    26.   208.   257.]
 [   15.    52.    15.    22.]
 [  182.    40.  1316.   404.]
 [  232.    51.   412.  6532.]]
19
[[  263.    14.   160.   184.]
 [   55.    62.    41.    71.]
 [  238.    47.  1349.   418.]
 [  223.    46.   401.  6542.]]
20
[[  326.    18.   176.   199.]
 [   33.    68.    26.    30.]
 [  204.    42.  1364.   439.]
 [  216.    41.   385.  6547.]]
21
[[  278.    19.   155.   169.]
 [   41.    51.    29.    33.]
 [  210.    48.  1319.   333.]
 [  250.    51.   448.  6680.]]
22
[[  298.    15.   227.   250.]
 [   25.    49.    23.    32.]
 [  209.    45.  1313.   460.]
 [  247.    60.   388.  6473.]]
23
[[  234.    20.   128.   129.]
 [   43.    42.    30.    49.]
 [  250.    49.  1348.   452.]
 [  252.    58.   445.  6585.]]
24
[[  301.    25.   157.   183.]
 [   17.    50.    18.    36.]
 [  204.    41.  1246.   385.]
 [  257.    53.   530.  6611.]]
