0
[[  1.27000000e+02   2.70000000e+01   1.13000000e+02   3.37000000e+02]
 [  6.00000000e+00   1.20000000e+01   1.10000000e+01   2.40000000e+01]
 [  2.16000000e+02   4.90000000e+01   1.15200000e+03   1.09800000e+03]
 [  3.34000000e+02   1.07000000e+02   7.80000000e+02   7.35000000e+03]]
1
[[  259.    37.   182.   544.]
 [   15.    28.    24.    28.]
 [  135.    56.  1105.   675.]
 [  274.    74.   745.  7562.]]
2
[[  182.    19.   120.   317.]
 [   30.    35.    29.    51.]
 [  243.    61.  1449.   761.]
 [  228.    80.   458.  7680.]]
3
[[  273.    50.   244.   369.]
 [   21.    33.    26.    30.]
 [  164.    46.  1246.   585.]
 [  225.    66.   540.  7825.]]
4
[[  253.    37.   178.   385.]
 [   21.    47.    62.    69.]
 [  157.    50.  1277.   609.]
 [  252.    61.   539.  7746.]]
5
[[  236.    31.   172.   353.]
 [   14.    31.    33.    26.]
 [  224.    71.  1343.   548.]
 [  209.    62.   508.  7882.]]
6
[[  201.    24.   120.   277.]
 [   33.    54.    69.    91.]
 [  217.    53.  1411.   620.]
 [  232.    64.   456.  7821.]]
7
[[  200.    28.   182.   251.]
 [   26.    38.    49.    34.]
 [  144.    43.  1295.   498.]
 [  313.    86.   530.  8026.]]
8
[[  286.    30.   217.   332.]
 [   20.    42.    42.    42.]
 [  148.    47.  1250.   463.]
 [  229.    76.   547.  7972.]]
9
[[  245.    34.   219.   273.]
 [   23.    40.    42.    54.]
 [  140.    29.  1123.   320.]
 [  275.    92.   672.  8162.]]
