0
[[  2.66000000e+02   3.00000000e+01   9.90000000e+01   3.52000000e+02]
 [  1.00000000e+00   2.00000000e+00   2.00000000e+01   6.00000000e+00]
 [  1.11000000e+02   2.30000000e+01   1.02400000e+03   6.26000000e+02]
 [  3.83000000e+02   8.00000000e+01   7.06000000e+02   6.39800000e+03]]
1
[[  311.    31.   177.   339.]
 [   45.    32.    47.   104.]
 [   85.    19.  1019.   434.]
 [  320.    53.   606.  6505.]]
2
[[  343.    37.   175.   254.]
 [   21.    19.    27.    31.]
 [   90.    22.  1091.   352.]
 [  307.    57.   556.  6745.]]
3
[[  305.    17.   158.   174.]
 [   32.    28.    31.    28.]
 [  110.    31.  1150.   349.]
 [  314.    59.   510.  6831.]]
4
[[  318.    27.   146.   233.]
 [   15.    30.    29.    45.]
 [  106.    23.  1120.   310.]
 [  322.    55.   554.  6794.]]
5
[[  351.    25.   185.   185.]
 [   22.    18.    30.    31.]
 [  119.    27.  1208.   298.]
 [  269.    65.   426.  6868.]]
6
[[  360.    29.   152.   195.]
 [    7.    31.    27.    23.]
 [  113.    34.  1271.   461.]
 [  281.    41.   399.  6703.]]
7
[[  324.    20.   147.   169.]
 [   24.    47.    34.    35.]
 [  104.    34.  1162.   243.]
 [  309.    34.   506.  6935.]]
8
[[  363.    19.   183.   162.]
 [   18.    37.    27.    29.]
 [  108.    34.  1185.   219.]
 [  272.    45.   454.  6972.]]
9
[[  430.    25.   184.   292.]
 [   21.    33.    34.    21.]
 [   97.    36.  1227.   313.]
 [  213.    41.   404.  6756.]]
