0
[[  3.20000000e+01   6.00000000e+00   3.60000000e+01   1.30000000e+02]
 [  0.00000000e+00   2.00000000e+00   0.00000000e+00   2.00000000e+00]
 [  1.06000000e+02   2.50000000e+01   4.96000000e+02   1.07900000e+03]
 [  6.34000000e+02   1.55000000e+02   1.23000000e+03   6.34500000e+03]]
1
[[  1.34000000e+02   1.70000000e+01   5.20000000e+01   3.06000000e+02]
 [  1.00000000e+00   1.00000000e+01   1.00000000e+01   5.00000000e+01]
 [  1.83000000e+02   4.40000000e+01   9.56000000e+02   2.02800000e+03]
 [  4.54000000e+02   1.17000000e+02   7.44000000e+02   5.17200000e+03]]
2
[[  160.    23.   110.   280.]
 [   16.    20.    16.    72.]
 [   82.    25.   724.  1201.]
 [  514.   120.   912.  6003.]]
3
[[  199.    25.    96.   462.]
 [   16.    32.    35.   138.]
 [  113.    35.   833.  1511.]
 [  444.    96.   798.  5445.]]
4
[[  159.    19.    98.   367.]
 [   21.    32.    34.    64.]
 [  119.    35.   754.  1345.]
 [  473.   102.   876.  5780.]]
5
[[  211.    30.   104.   436.]
 [   39.    43.    40.   142.]
 [  100.    14.   752.  1236.]
 [  422.   101.   866.  5742.]]
6
[[  155.    31.    89.   344.]
 [   19.    35.    24.    94.]
 [  100.    16.   639.   971.]
 [  498.   106.  1010.  6147.]]
7
[[  220.    33.   138.   475.]
 [   16.    27.    14.    84.]
 [   89.    16.   717.  1175.]
 [  447.   112.   893.  5822.]]
8
[[  194.    29.   131.   372.]
 [   12.    22.    21.    79.]
 [  136.    27.   744.  1134.]
 [  430.   110.   866.  5971.]]
9
[[  226.    29.   110.   500.]
 [   31.    39.    34.   122.]
 [  101.    18.   838.  1199.]
 [  414.   102.   780.  5735.]]
