0
Training loss:  0.664244583453
Dev error rate:  0.347170183396
0
[[  5.40000000e+01   8.00000000e+00   1.30000000e+01   1.40000000e+02]
 [  1.00000000e+00   6.00000000e+00   0.00000000e+00   2.00000000e+00]
 [  8.30000000e+01   1.50000000e+01   6.46000000e+02   1.20800000e+03]
 [  5.83000000e+02   1.50000000e+02   1.31800000e+03   5.91500000e+03]]
1
Training loss:  0.421168897573
Dev error rate:  0.322717412739
1
[[  1.07000000e+02   8.00000000e+00   5.50000000e+01   2.36000000e+02]
 [  4.00000000e+00   1.10000000e+01   1.00000000e+00   1.50000000e+01]
 [  6.60000000e+01   8.00000000e+00   6.65000000e+02   9.28000000e+02]
 [  5.44000000e+02   1.52000000e+02   1.25600000e+03   6.08600000e+03]]
