0
[[  4.00000000e+00   0.00000000e+00   3.00000000e+00   5.00000000e+00]
 [  0.00000000e+00   0.00000000e+00   0.00000000e+00   0.00000000e+00]
 [  9.10000000e+01   2.90000000e+01   7.07000000e+02   5.78000000e+02]
 [  5.38000000e+02   1.35000000e+02   1.11700000e+03   6.65500000e+03]]
1
[[  112.    10.    53.   159.]
 [    0.     0.     0.     0.]
 [  123.    34.   923.   550.]
 [  398.   120.   851.  6529.]]
2
[[  264.    29.   207.   472.]
 [   26.    23.    54.    65.]
 [  173.    60.  1231.   831.]
 [  170.    52.   335.  5870.]]
3
[[  229.    17.   134.   310.]
 [   12.     8.     9.    18.]
 [  211.    61.  1240.   831.]
 [  181.    78.   444.  6079.]]
4
[[  278.    12.   268.   408.]
 [   44.    50.    46.    95.]
 [  123.    33.   960.   557.]
 [  188.    69.   553.  6178.]]
5
[[  295.    34.   282.   428.]
 [   21.    41.    36.    70.]
 [  159.    35.  1133.   776.]
 [  158.    54.   376.  5964.]]
6
[[  261.    24.   217.   296.]
 [   29.    58.    41.    40.]
 [  107.    21.  1006.   567.]
 [  236.    61.   563.  6335.]]
7
[[  235.    13.   251.   273.]
 [   31.    68.    60.    56.]
 [  148.    30.  1040.   625.]
 [  219.    53.   476.  6284.]]
8
[[  278.    22.   270.   369.]
 [   47.    84.    60.   126.]
 [  146.    27.  1122.   643.]
 [  162.    31.   375.  6100.]]
9
[[  284.    14.   239.   320.]
 [   36.    62.    76.   106.]
 [  137.    34.  1155.   677.]
 [  176.    54.   357.  6135.]]
