0
[[  185.    33.   128.   321.]
 [    0.     0.     0.     0.]
 [   83.    40.   819.   580.]
 [  365.    91.   880.  6337.]]
1
[[  2.68000000e+02   4.90000000e+01   1.84000000e+02   2.53000000e+02]
 [  6.00000000e+00   1.00000000e+00   1.00000000e+00   0.00000000e+00]
 [  1.47000000e+02   5.80000000e+01   1.07900000e+03   5.18000000e+02]
 [  2.12000000e+02   5.60000000e+01   5.63000000e+02   6.46700000e+03]]
2
[[  360.    55.   239.   346.]
 [   22.    22.    19.    51.]
 [  133.    49.  1323.   691.]
 [  118.    38.   246.  6150.]]
3
[[  270.    22.   175.   199.]
 [   24.    32.    12.    30.]
 [  175.    53.  1240.   599.]
 [  164.    57.   400.  6410.]]
4
[[  326.    23.   222.   298.]
 [   42.    50.    53.    50.]
 [  142.    55.  1184.   432.]
 [  123.    36.   368.  6458.]]
5
[[  309.    31.   190.   294.]
 [   34.    39.    27.    30.]
 [  169.    48.  1333.   624.]
 [  121.    46.   277.  6290.]]
6
[[  321.    44.   255.   250.]
 [   35.    42.    39.    30.]
 [   98.    28.  1087.   290.]
 [  179.    50.   446.  6668.]]
7
[[  275.    36.   219.   247.]
 [   51.    35.    34.    33.]
 [  139.    41.  1214.   380.]
 [  168.    52.   360.  6578.]]
8
[[  330.    33.   268.   265.]
 [   48.    52.    63.    19.]
 [   99.    39.  1158.   382.]
 [  156.    40.   338.  6572.]]
9
[[  281.    35.   223.   182.]
 [   59.    46.    49.    28.]
 [  118.    33.  1176.   320.]
 [  175.    50.   379.  6708.]]
