0
[[  128.    28.   104.   297.]
 [    0.     0.     0.     0.]
 [   99.    40.   674.   509.]
 [  406.    96.  1049.  6432.]]
1
[[  1.22000000e+02   4.10000000e+01   1.05000000e+02   2.91000000e+02]
 [  5.00000000e+00   1.00000000e+00   2.00000000e+00   7.00000000e+00]
 [  1.41000000e+02   4.60000000e+01   8.24000000e+02   6.23000000e+02]
 [  3.65000000e+02   7.60000000e+01   8.96000000e+02   6.31700000e+03]]
2
[[  308.    53.   163.   370.]
 [   12.    17.    25.    61.]
 [  124.    42.  1103.   741.]
 [  189.    52.   536.  6066.]]
3
[[  3.11000000e+02   7.40000000e+01   2.13000000e+02   3.95000000e+02]
 [  1.00000000e+00   5.00000000e+00   7.00000000e+00   7.00000000e+00]
 [  1.42000000e+02   3.90000000e+01   1.17000000e+03   7.81000000e+02]
 [  1.79000000e+02   4.60000000e+01   4.37000000e+02   6.05500000e+03]]
4
[[  309.    37.   210.   409.]
 [   69.    59.    66.   111.]
 [  146.    38.  1199.   897.]
 [  109.    30.   352.  5821.]]
5
[[  333.    63.   265.   351.]
 [    7.    15.    25.    16.]
 [  157.    45.  1151.   685.]
 [  136.    41.   386.  6186.]]
6
[[  370.    59.   260.   355.]
 [   20.    42.    31.    67.]
 [  132.    39.  1159.   606.]
 [  111.    24.   377.  6210.]]
7
[[  372.    40.   291.   381.]
 [   46.    65.    74.   103.]
 [   80.    23.  1025.   506.]
 [  135.    36.   437.  6248.]]
8
[[  312.    38.   198.   265.]
 [   20.    39.    23.    29.]
 [  166.    45.  1190.   534.]
 [  135.    42.   416.  6410.]]
9
[[  352.    45.   287.   464.]
 [   33.    53.    43.    72.]
 [  117.    26.  1131.   696.]
 [  131.    40.   366.  6006.]]
