0
[[  143.    24.    98.   222.]
 [    0.     0.     0.     0.]
 [  140.    49.   798.   547.]
 [  350.    91.   931.  6469.]]
1
[[  298.    43.   219.   479.]
 [   14.    14.    26.    33.]
 [  192.    60.  1198.   889.]
 [  129.    47.   384.  5837.]]
2
[[  298.    33.   192.   371.]
 [   44.    24.    25.    36.]
 [  144.    53.  1259.   570.]
 [  147.    54.   351.  6261.]]
3
[[  301.    56.   268.   407.]
 [   16.    13.    25.    30.]
 [  154.    38.  1162.   393.]
 [  162.    57.   372.  6408.]]
4
[[  338.    36.   222.   385.]
 [   43.    49.    58.    60.]
 [  149.    43.  1200.   400.]
 [  103.    36.   347.  6393.]]
5
[[  319.    42.   225.   268.]
 [   20.    35.    23.    15.]
 [  162.    46.  1200.   398.]
 [  132.    41.   379.  6557.]]
6
[[  406.    52.   354.   468.]
 [   41.    57.    60.    58.]
 [  111.    28.  1077.   352.]
 [   75.    27.   336.  6360.]]
7
[[  301.    31.   231.   197.]
 [   40.    46.    37.    39.]
 [  112.    34.  1176.   327.]
 [  180.    53.   383.  6675.]]
8
[[  348.    35.   262.   277.]
 [   29.    49.    54.    45.]
 [  127.    42.  1185.   352.]
 [  129.    38.   326.  6564.]]
9
[[  353.    36.   248.   256.]
 [   48.    55.    56.    80.]
 [  120.    38.  1222.   428.]
 [  112.    35.   301.  6474.]]
