0
[[  169.    31.   138.   485.]
 [    0.     0.     0.     0.]
 [  124.    56.   824.   695.]
 [  340.    77.   865.  6058.]]
1
[[  3.07000000e+02   6.30000000e+01   2.46000000e+02   5.05000000e+02]
 [  0.00000000e+00   0.00000000e+00   1.00000000e+00   1.00000000e+00]
 [  1.47000000e+02   4.20000000e+01   1.02600000e+03   4.26000000e+02]
 [  1.79000000e+02   5.90000000e+01   5.54000000e+02   6.30600000e+03]]
2
[[  370.    76.   261.   400.]
 [   26.    14.    20.    22.]
 [  107.    30.  1148.   520.]
 [  130.    44.   398.  6296.]]
3
[[  347.    62.   231.   361.]
 [   15.    13.    14.     7.]
 [  124.    25.  1082.   476.]
 [  147.    64.   500.  6394.]]
4
[[  2.80000000e+02   2.90000000e+01   1.67000000e+02   2.82000000e+02]
 [  2.50000000e+01   1.50000000e+01   6.00000000e+00   1.60000000e+01]
 [  1.67000000e+02   4.90000000e+01   1.20900000e+03   4.29000000e+02]
 [  1.61000000e+02   7.10000000e+01   4.45000000e+02   6.51100000e+03]]
5
[[  342.    42.   259.   263.]
 [   16.    30.    21.    21.]
 [  120.    29.  1099.   417.]
 [  155.    63.   448.  6537.]]
6
[[  312.    36.   179.   204.]
 [   42.    43.    36.    21.]
 [  160.    45.  1196.   413.]
 [  119.    40.   416.  6600.]]
7
[[  309.    25.   244.   161.]
 [   46.    43.    28.    46.]
 [  129.    33.  1179.   441.]
 [  149.    63.   376.  6590.]]
8
[[  366.    51.   273.   229.]
 [   49.    46.    39.    38.]
 [  100.    33.  1161.   428.]
 [  118.    34.   354.  6543.]]
9
[[  294.    37.   184.   147.]
 [   63.    56.    40.    50.]
 [  129.    29.  1184.   369.]
 [  147.    42.   419.  6672.]]
