0
[[   93.    14.    78.   106.]
 [    0.     0.     0.     0.]
 [   49.    22.   513.   264.]
 [  491.   128.  1236.  6868.]]
1
[[  2.62000000e+02   5.70000000e+01   2.21000000e+02   3.77000000e+02]
 [  3.00000000e+00   2.00000000e+00   3.00000000e+00   2.00000000e+00]
 [  1.46000000e+02   4.40000000e+01   1.09200000e+03   4.62000000e+02]
 [  2.22000000e+02   6.10000000e+01   5.11000000e+02   6.39700000e+03]]
2
[[  3.27000000e+02   5.70000000e+01   2.95000000e+02   4.63000000e+02]
 [  2.80000000e+01   1.40000000e+01   1.20000000e+01   6.00000000e+00]
 [  1.53000000e+02   5.70000000e+01   1.25400000e+03   5.46000000e+02]
 [  1.25000000e+02   3.60000000e+01   2.66000000e+02   6.22300000e+03]]
3
[[  297.    56.   224.   268.]
 [   29.    32.    23.    17.]
 [  198.    51.  1393.   615.]
 [  109.    25.   187.  6338.]]
4
[[  235.    22.   193.   200.]
 [   61.    60.    33.    46.]
 [  195.    48.  1286.   518.]
 [  142.    34.   315.  6474.]]
5
[[  350.    39.   290.   283.]
 [   41.    61.    50.    55.]
 [  136.    42.  1243.   415.]
 [  106.    22.   244.  6485.]]
6
[[  391.    50.   301.   284.]
 [   37.    66.    34.    60.]
 [  124.    32.  1264.   449.]
 [   81.    16.   228.  6445.]]
7
[[  343.    31.   308.   210.]
 [   48.    75.    54.    52.]
 [  126.    38.  1234.   449.]
 [  116.    20.   231.  6527.]]
8
[[  293.    36.   222.   183.]
 [   28.    58.    31.    24.]
 [  172.    40.  1338.   345.]
 [  140.    30.   236.  6686.]]
9
[[  326.    24.   259.   192.]
 [   42.    80.    31.    43.]
 [  130.    27.  1286.   407.]
 [  135.    33.   251.  6596.]]
