0
[[  2.14000000e+02   3.20000000e+01   1.53000000e+02   3.00000000e+02]
 [  1.00000000e+00   0.00000000e+00   0.00000000e+00   2.00000000e+00]
 [  1.18000000e+02   4.90000000e+01   1.01700000e+03   6.85000000e+02]
 [  3.00000000e+02   8.30000000e+01   6.57000000e+02   6.25100000e+03]]
1
[[  279.    40.   195.   280.]
 [   15.    13.    10.    20.]
 [  170.    56.  1154.   541.]
 [  169.    55.   468.  6397.]]
2
[[  376.    51.   300.   401.]
 [   22.    24.    20.    24.]
 [  134.    58.  1200.   443.]
 [  101.    31.   307.  6370.]]
3
[[  323.    42.   239.   247.]
 [   30.    32.    39.    23.]
 [  150.    46.  1222.   495.]
 [  130.    44.   327.  6473.]]
4
[[  303.    41.   238.   225.]
 [   47.    53.    50.    60.]
 [  154.    46.  1229.   427.]
 [  129.    24.   310.  6526.]]
5
[[  304.    34.   229.   211.]
 [   34.    39.    39.    39.]
 [  165.    50.  1202.   546.]
 [  130.    41.   357.  6442.]]
6
[[  319.    44.   212.   210.]
 [   26.    37.    41.    30.]
 [  171.    53.  1227.   418.]
 [  117.    30.   347.  6580.]]
7
[[  328.    35.   245.   251.]
 [   46.    55.    44.    36.]
 [  157.    50.  1223.   336.]
 [  102.    24.   315.  6615.]]
8
[[  269.    22.   204.   142.]
 [   25.    51.    46.    26.]
 [  165.    52.  1212.   424.]
 [  174.    39.   365.  6646.]]
9
[[  266.    34.   202.   139.]
 [   46.    55.    37.    70.]
 [  189.    53.  1300.   438.]
 [  132.    22.   288.  6591.]]
