0
[[  225.    34.   153.   423.]
 [    0.     0.     0.     0.]
 [   89.    38.   759.   351.]
 [  319.    92.   915.  6464.]]
1
[[  2.49000000e+02   4.50000000e+01   1.65000000e+02   3.29000000e+02]
 [  4.00000000e+00   1.50000000e+01   5.00000000e+00   1.70000000e+01]
 [  1.49000000e+02   4.80000000e+01   1.10600000e+03   5.14000000e+02]
 [  2.31000000e+02   5.60000000e+01   5.51000000e+02   6.37800000e+03]]
2
[[  320.    67.   256.   471.]
 [   41.    27.    17.    57.]
 [  144.    34.  1243.   626.]
 [  128.    36.   311.  6084.]]
3
[[  323.    59.   259.   358.]
 [   37.    38.    27.    59.]
 [  122.    23.  1181.   553.]
 [  151.    44.   360.  6268.]]
4
[[  245.    21.   167.   287.]
 [   71.    76.    57.    87.]
 [  184.    34.  1311.   624.]
 [  133.    33.   292.  6240.]]
5
[[  280.    31.   228.   277.]
 [   36.    54.    36.    49.]
 [  142.    32.  1196.   486.]
 [  175.    47.   367.  6426.]]
6
[[  291.    59.   233.   254.]
 [   32.    44.    45.    44.]
 [  160.    32.  1186.   447.]
 [  150.    29.   363.  6493.]]
7
[[  224.    15.   193.   175.]
 [   49.    69.    41.    72.]
 [  153.    28.  1170.   496.]
 [  207.    52.   423.  6495.]]
8
[[  283.    45.   242.   256.]
 [   59.    52.    41.    60.]
 [  136.    33.  1207.   450.]
 [  155.    34.   337.  6472.]]
9
[[  276.    30.   211.   203.]
 [   57.    72.    58.    71.]
 [  127.    28.  1175.   516.]
 [  173.    34.   383.  6448.]]
