0
[[    0.     0.     0.     0.]
 [    0.     0.     0.     0.]
 [    0.     0.     0.     0.]
 [  633.   164.  1827.  7238.]]
1
[[  1.00000000e+00   0.00000000e+00   4.00000000e+00   5.00000000e+00]
 [  0.00000000e+00   0.00000000e+00   0.00000000e+00   0.00000000e+00]
 [  4.70000000e+01   1.60000000e+01   4.97000000e+02   5.13000000e+02]
 [  5.85000000e+02   1.48000000e+02   1.32600000e+03   6.72000000e+03]]
2
[[    7.     0.    17.    34.]
 [    0.     0.     0.     0.]
 [   43.    18.   515.   563.]
 [  583.   146.  1295.  6641.]]
3
[[  7.00000000e+00   1.00000000e+00   1.40000000e+01   1.80000000e+01]
 [  0.00000000e+00   0.00000000e+00   0.00000000e+00   0.00000000e+00]
 [  6.80000000e+01   2.40000000e+01   6.30000000e+02   6.88000000e+02]
 [  5.58000000e+02   1.39000000e+02   1.18300000e+03   6.53200000e+03]]
4
[[  2.00000000e+00   0.00000000e+00   5.00000000e+00   5.00000000e+00]
 [  0.00000000e+00   0.00000000e+00   0.00000000e+00   0.00000000e+00]
 [  7.80000000e+01   2.40000000e+01   7.03000000e+02   6.94000000e+02]
 [  5.53000000e+02   1.40000000e+02   1.11900000e+03   6.53900000e+03]]
5
[[   14.     0.    25.    30.]
 [    0.     0.     0.     0.]
 [   52.    20.   508.   371.]
 [  567.   144.  1294.  6837.]]
