0
[[  2.80000000e+01   1.00000000e+00   2.50000000e+01   5.30000000e+01]
 [  0.00000000e+00   0.00000000e+00   0.00000000e+00   0.00000000e+00]
 [  5.40000000e+01   2.00000000e+01   5.50000000e+02   5.99000000e+02]
 [  5.51000000e+02   1.43000000e+02   1.25200000e+03   6.58600000e+03]]
1
[[  1.43000000e+02   1.80000000e+01   8.20000000e+01   3.57000000e+02]
 [  0.00000000e+00   0.00000000e+00   2.00000000e+00   1.00000000e+00]
 [  1.10000000e+02   3.80000000e+01   8.14000000e+02   7.86000000e+02]
 [  3.80000000e+02   1.08000000e+02   9.29000000e+02   6.09400000e+03]]
2
[[  283.    43.   222.   668.]
 [    0.     9.    10.    37.]
 [  119.    47.  1032.  1002.]
 [  231.    65.   563.  5531.]]
3
[[  2.93000000e+02   5.00000000e+01   2.00000000e+02   5.88000000e+02]
 [  2.00000000e+00   1.40000000e+01   1.10000000e+01   3.50000000e+01]
 [  1.09000000e+02   4.00000000e+01   9.90000000e+02   8.18000000e+02]
 [  2.29000000e+02   6.00000000e+01   6.26000000e+02   5.79700000e+03]]
