0
[[  205.    28.   144.   330.]
 [    0.     0.     0.     0.]
 [  119.    49.   990.   654.]
 [  309.    87.   693.  6254.]]
1
[[  2.79000000e+02   4.50000000e+01   1.81000000e+02   2.51000000e+02]
 [  4.00000000e+00   1.00000000e+01   2.00000000e+00   8.00000000e+00]
 [  1.57000000e+02   5.80000000e+01   1.20900000e+03   5.87000000e+02]
 [  1.93000000e+02   5.10000000e+01   4.35000000e+02   6.39200000e+03]]
2
[[  388.    60.   235.   460.]
 [   28.    28.    26.    34.]
 [  120.    44.  1295.   556.]
 [   97.    32.   271.  6188.]]
3
[[  359.    65.   231.   262.]
 [   33.    38.    24.    40.]
 [  135.    35.  1243.   534.]
 [  106.    26.   329.  6402.]]
4
[[  284.    35.   198.   243.]
 [   48.    37.    36.    39.]
 [  163.    48.  1227.   369.]
 [  138.    44.   366.  6587.]]
5
[[  301.    36.   144.   160.]
 [   16.    39.    29.    18.]
 [  186.    45.  1336.   502.]
 [  130.    44.   318.  6558.]]
6
[[  342.    55.   230.   298.]
 [   37.    43.    36.    30.]
 [  144.    38.  1206.   313.]
 [  110.    28.   355.  6597.]]
7
[[  343.    42.   203.   183.]
 [   48.    51.    37.    30.]
 [  111.    27.  1178.   315.]
 [  131.    44.   409.  6710.]]
8
[[  386.    53.   260.   290.]
 [   47.    46.    49.    53.]
 [  117.    32.  1216.   415.]
 [   83.    33.   302.  6480.]]
9
[[  326.    49.   178.   187.]
 [   45.    45.    44.    35.]
 [  125.    31.  1213.   332.]
 [  137.    39.   392.  6684.]]
