0
[[  1.30000000e+01   1.00000000e+00   1.10000000e+01   1.60000000e+01]
 [  0.00000000e+00   0.00000000e+00   0.00000000e+00   0.00000000e+00]
 [  6.20000000e+01   2.20000000e+01   5.34000000e+02   3.95000000e+02]
 [  5.58000000e+02   1.41000000e+02   1.28200000e+03   6.82700000e+03]]
1
[[  2.34000000e+02   4.00000000e+01   1.62000000e+02   5.61000000e+02]
 [  0.00000000e+00   2.00000000e+00   3.00000000e+00   4.00000000e+00]
 [  1.05000000e+02   4.30000000e+01   8.76000000e+02   8.50000000e+02]
 [  2.94000000e+02   7.90000000e+01   7.86000000e+02   5.82300000e+03]]
2
[[  291.    55.   171.   597.]
 [   12.    17.    24.    55.]
 [  116.    27.  1147.  1002.]
 [  214.    65.   485.  5584.]]
