0
[[  245.    20.    91.   188.]
 [   26.    27.    17.    21.]
 [  165.    17.  1060.   412.]
 [  380.    97.   609.  5882.]]
1
[[  306.    38.   103.   192.]
 [   24.    30.    23.    24.]
 [  175.    19.  1165.   306.]
 [  311.    74.   486.  5981.]]
2
[[  298.    23.   114.   163.]
 [   15.    32.    22.    14.]
 [  251.    27.  1278.   372.]
 [  252.    79.   363.  5954.]]
3
[[  273.    31.    99.   154.]
 [   37.    34.    29.    20.]
 [  198.    26.  1152.   232.]
 [  308.    70.   497.  6097.]]
4
[[  416.    33.   144.   171.]
 [   20.    36.    20.    11.]
 [   92.    15.  1122.   254.]
 [  288.    77.   491.  6067.]]
5
[[  405.    18.   160.   211.]
 [   19.    54.    51.    27.]
 [  153.    21.  1213.   308.]
 [  239.    68.   353.  5957.]]
6
[[  431.    31.   144.   221.]
 [   21.    35.    24.    24.]
 [  146.    31.  1218.   286.]
 [  218.    64.   391.  5972.]]
7
[[  362.    27.   135.   167.]
 [   15.    40.    28.    29.]
 [  199.    23.  1278.   285.]
 [  240.    71.   336.  6022.]]
8
[[  409.    25.   144.   134.]
 [   24.    39.    35.    19.]
 [  144.    23.  1259.   359.]
 [  239.    74.   339.  5991.]]
9
[[  374.    31.   146.   160.]
 [   27.    57.    48.    33.]
 [  148.    17.  1145.   289.]
 [  267.    56.   438.  6021.]]
