1896
722
1580
1855
460
1631
1918
2123
1983
2125
2414
1881
2223
782
1611
1802
220
375
386
26
932
1814
387
1669
2137
1293
2295
1534
1121
917
1064
867
2421
1987
1363
1946
442
1666
939
2329
1198
795
2453
218
902
88
1081
1176
2249
390
703
1940
399
595
2321
1210
2197
443
167
2347
769
546
404
942
391
1644
2459
1709
1597
922
1066
2423
1458
1567
1192
1224
1679
1154
634
234
2342
1780
1659
956
258
1909
203
2076
1943
1143
2132
1777
2162
2409
1015
1101
1969
1828
621
1954
1822
24
1370
1913
1840
1860
921
1314
1167
1459
1559
1742
568
91
2351
1385
1217
1613
716
1433
523
691
1873
1371
2352
1509
908
298
571
760
1788
2528
2127
139
1819
527
2103
1058
1329
1568
741
2207
1485
1416
242
983
773
520
761
1853
614
229
175
2519
454
2327
2056
83
357
2230
305
1724
1219
2379
1352
2142
1774
1063
618
1313
2098
2509
1743
89
847
903
1281
403
1938
1538
822
1065
8
724
944
2334
1307
476
1984
1507
156
47
1965
738
355
1826
1331
304
1214
2114
2290
742
255
61
1404
77
1606
1610
1166
1544
2219
1040
382
660
1791
727
2501
2242
1752
1794
1274
2035
1545
832
1642
213
168
432
1122
968
2273
731
370
260
1107
981
574
481
2042
396
2017
1732
1333
2496
2277
1019
1271
465
280
1542
900
1429
1577
2356
1480
2002
478
87
2497
339
265
1508
5
2256
796
1673
1260
2024
1671
2161
1569
1519
330
466
458
121
626
2115
1346
1356
54
2078
2168
600
586
1089
292
611
1734
281
1640
539
140
723
2485
410
405
2365
1917
545
2498
734
2252
1970
2419
70
195
687
767
136
1651
251
945
112
1302
2174
495
1430
1144
1020
2272
1638
159
1002
2490
1177
638
1095
514
729
2274
2398
1249
2296
1407
1103
1447
2224
1240
1988
947
581
130
1645
1758
2271
2399
2388
349
2118
1951
2406
1424
1921
2263
126
560
2034
2341
1344
1099
828
2302
1321
607
1948
176
1308
219
2304
134
2155
1503
2046
854
950
1608
862
1355
1025
542
1515
1423
1588
797
1273
1760
1018
343
2468
2096
1598
1312
1630
1022
992
68
82
2060
1079
2293
41
2511
2196
1806
2200
1579
2185
45
2048
979
15
1076
1746
1551
1384
1185
2236
1959
417
1368
388
285
2081
1000
1996
1854
984
1291
161
886
1400
1225
1904
239
1898
2166
883
1884
2424
32
1981
226
649
379
1269
2053
25
948
1358
1327
1859
444
683
1139
1976
470
2206
1637
2404
508
451
1010
1827
402
2280
1137
1393
224
505
1991
344
2077
2227
1130
2247
337
1905
562
1170
763
1336
616
2472
1846
704
2217
2218
1805
1401
730
385
714
699
53
772
345
2441
2521
532
499
321
1048
81
553
1800
1933
2192
677
1555
2010
993
966
1382
2318
1179
266
1831
1426
438
550
1420
490
288
578
1528
1565
803
1075
693
1283
1880
1357
887
2385
0
698
273
75
320
2477
1922
1501
1462
776
148
1722
1106
1556
272
2036
2084
2450
373
2305
1140
1715
752
1835
1573
366
147
1844
1319
1985
1772
1785
1197
1549
2520
1711
977
1413
497
696
1119
1726
125
2133
475
467
2349
6
2208
534
1572
1531
189
2039
1202
851
384
1956
1625
830
1125
1169
869
1372
1869
650
299
1929
1303
1540
2106
2529
1334
498
1055
1837
494
235
1574
1403
2159
982
2492
706
1975
2214
633
662
1925
462
1343
1159
376
105
601
694
204
2130
367
2180
1744
1689
1756
1658
428
827
732
2201
1041
4
1361
1226
2515
1936
840
1375
144
1084
2143
247
186
1457
116
1053
187
877
162
1029
48
1187
541
110
2064
1693
570
1808
978
1222
882
1046
2260
974
1908
2455
1789
2154
1500
1196
2401
833
826
450
632
1006
1004
23
2203
236
1013
1008
2163
1412
1070
701
78
598
1847
2264
1136
609
1056
1476
1955
1649
1530
414
324
1623
1438
1957
1877
1657
1184
879
855
1376
1900
1379
2475
928
409
1231
269
22
1821
1406
2299
1781
2287
959
308
1301
712
2052
1069
2102
1392
1465
206
1347
198
1215
1242
362
2374
2016
1003
2354
885
2211
352
2431
2171
504
1289
1973
173
1280
2463
817
1337
608
72
1796
1466
2376
533
503
2152
2020
398
1296
1208
2202
564
2213
2109
62
2129
2367
1098
1395
1795
853
1541
1952
1820
2018
2434
1148
2250
587
243
1427
988
748
331
1152
583
502
2524
43
212
1863
2371
1034
117
1966
472
684
2432
1912
322
856
996
200
1797
190
872
2153
2091
2092
2124
1446
690
1292
2044
2348
829
672
120
757
1175
1989
1599
169
1149
1523
655
899
818
2025
1867
1829
2370
135
447
1141
1201
2088
1104
952
1522
2241
547
2240
1028
1011
311
779
2458
850
199
622
1254
1834
142
1311
2068
493
2028
2005
1397
2265
1012
599
151
1162
419
1815
1524
2452
1252
1852
240
1109
244
1698
1165
455
1771
1686
2337
1971
689
2397
346
1751
682
2215
2360
446
915
1582
707
991
2526
1585
2138
2090
793
1920
530
2448
1890
630
406
1468
906
1351
1575
1939
1057
1888
1247
777
1380
1934
1615
1647
14
907
1697
2145
812
719
759
781
427
445
1090
969
185
515
1532
2031
1268
552
2181
589
1014
152
506
2317
1967
2097
2311
418
2246
625
1153
2532
194
999
2445
171
1730
2210
1529
368
2469
267
640
372
2015
1410
1605
2502
1825
825
1227
2080
1862
737
2268
1688
1885
538
1670
1164
2014
1627
1436
648
652
210
2531
743
1978
1818
1134
10
569
1683
1174
676
1077
1009
2188
2283
920
1349
2408
500
509
2288
1972
957
593
837
416
1234
2267
1747
2325
1068
1315
1323
721
664
678
149
1463
300
1539
295
667
565
1997
816
1654
65
603
2116
2417
2286
1681
1123
407
1060
2438
1496
364
2442
1502
1364
1182
794
555
1206
1547
726
2375
440
955
1277
55
124
1832
713
394
1255
936
2506
848
924
874
104
909
1267
1864
636
938
2275
2413
2104
2167
2238
551
815
892
40
1415
2234
1266
2476
1652
413
1871
1442
2093
577
359
529
2433
2176
1982
2345
214
1374
1491
919
839
95
1161
1901
1359
808
1097
1437
1857
2525
567
1923
1883
1115
1168
108
972
1180
1453
1487
1085
933
1317
2228
557
137
342
1897
302
824
2178
1383
715
1614
1335
1074
60
2478
431
2237
1021
941
1051
1377
2447
1513
708
276
1001
521
1237
1305
2170
604
1622
2139
975
1906
2504
383
807
1737
13
1299
1740
842
962
2313
350
51
1733
536
1563
154
474
2225
725
1660
1916
718
1461
1417
1398
482
695
2251
374
1843
1492
1294
1473
254
1926
1340
2362
790
559
170
1116
17
1120
114
1027
9
2415
858
93
1521
1262
1263
1661
2489
513
610
789
2061
480
692
1251
1731
484
1533
2309
2043
74
958
2495
1949
30
2471
1875
1757
1799
780
1439
1891
2483
2451
775
1790
2454
179
227
2444
2122
333
1595
1472
971
1173
2456
2443
2418
1183
2164
1481
1288
2514
115
1672
2175
225
395
1893
1517
512
208
1786
997
2111
846
2303
2330
2440
35
1911
544
2278
1678
2344
1849
880
1761
487
669
11
1094
1784
1036
1017
1974
193
277
468
1707
591
1042
1325
1478
1157
573
1958
2187
623
1261
1858
674
620
1699
1369
1330
1127
1690
1339
1775
1047
1584
913
1045
2248
188
1680
2037
2269
433
1648
526
2022
296