0
[[  8.70000000e+01   6.00000000e+00   8.70000000e+01   8.70000000e+01]
 [  1.00000000e+00   1.00000000e+00   0.00000000e+00   0.00000000e+00]
 [  1.70000000e+02   5.30000000e+01   1.05300000e+03   6.45000000e+02]
 [  3.75000000e+02   1.04000000e+02   6.87000000e+02   6.50600000e+03]]
1
[[  2.01000000e+02   3.30000000e+01   2.16000000e+02   2.45000000e+02]
 [  0.00000000e+00   1.00000000e+00   2.00000000e+00   1.00000000e+00]
 [  1.57000000e+02   6.10000000e+01   1.11300000e+03   4.27000000e+02]
 [  2.75000000e+02   6.90000000e+01   4.96000000e+02   6.56500000e+03]]
2
[[  271.    46.   216.   337.]
 [   45.    25.    39.    38.]
 [  176.    54.  1279.   369.]
 [  141.    39.   293.  6494.]]
3
[[  2.71000000e+02   4.40000000e+01   2.01000000e+02   2.52000000e+02]
 [  5.00000000e+00   9.00000000e+00   1.10000000e+01   1.40000000e+01]
 [  2.00000000e+02   6.50000000e+01   1.37300000e+03   4.78000000e+02]
 [  1.57000000e+02   4.60000000e+01   2.42000000e+02   6.49400000e+03]]
4
[[  289.    39.   268.   262.]
 [   43.    28.    55.    52.]
 [  154.    46.  1312.   320.]
 [  147.    51.   192.  6604.]]
5
[[  3.36000000e+02   7.70000000e+01   3.07000000e+02   3.71000000e+02]
 [  1.10000000e+01   5.00000000e+00   1.30000000e+01   3.00000000e+00]
 [  1.78000000e+02   4.60000000e+01   1.26200000e+03   2.57000000e+02]
 [  1.08000000e+02   3.60000000e+01   2.45000000e+02   6.60700000e+03]]
6
[[  311.    62.   157.   206.]
 [   29.    20.    34.    21.]
 [  145.    38.  1364.   248.]
 [  148.    44.   272.  6763.]]
7
[[  346.    60.   249.   219.]
 [   39.    39.    41.    33.]
 [  144.    32.  1309.   199.]
 [  104.    33.   228.  6787.]]
8
[[  380.    52.   309.   260.]
 [   41.    42.    61.    50.]
 [  118.    42.  1260.   224.]
 [   94.    28.   197.  6704.]]
9
[[  376.    53.   349.   265.]
 [   32.    43.    56.    32.]
 [  126.    36.  1242.   233.]
 [   99.    32.   180.  6708.]]
