0
[[  2.36000000e+02   3.60000000e+01   1.47000000e+02   3.60000000e+02]
 [  0.00000000e+00   1.00000000e+00   0.00000000e+00   0.00000000e+00]
 [  1.73000000e+02   6.50000000e+01   1.11700000e+03   4.93000000e+02]
 [  2.24000000e+02   6.20000000e+01   5.63000000e+02   6.38500000e+03]]
1
[[  2.58000000e+02   3.00000000e+01   2.07000000e+02   2.66000000e+02]
 [  8.00000000e+00   1.40000000e+01   6.00000000e+00   1.50000000e+01]
 [  2.09000000e+02   7.60000000e+01   1.30500000e+03   5.04000000e+02]
 [  1.58000000e+02   4.40000000e+01   3.09000000e+02   6.45300000e+03]]
2
[[  315.    44.   235.   305.]
 [   32.    26.    20.    20.]
 [  154.    60.  1268.   396.]
 [  132.    34.   304.  6517.]]
3
[[  310.    46.   188.   210.]
 [   28.    30.    40.    26.]
 [  184.    61.  1378.   382.]
 [  111.    27.   221.  6620.]]
4
[[  281.    27.   202.   195.]
 [   44.    43.    41.    25.]
 [  192.    54.  1345.   336.]
 [  116.    40.   239.  6682.]]
5
[[  321.    42.   249.   209.]
 [   49.    36.    44.    21.]
 [  153.    47.  1280.   264.]
 [  110.    39.   254.  6744.]]
6
[[  341.    45.   290.   217.]
 [   51.    38.    41.    28.]
 [  148.    45.  1291.   242.]
 [   93.    36.   205.  6751.]]
7
[[  353.    36.   260.   216.]
 [   47.    40.    24.    18.]
 [  132.    53.  1213.   135.]
 [  101.    35.   330.  6869.]]
8
[[  323.    36.   219.   159.]
 [   45.    46.    37.    21.]
 [  160.    50.  1376.   279.]
 [  105.    32.   195.  6779.]]
9
[[  373.    41.   245.   207.]
 [   63.    64.    55.    47.]
 [  114.    39.  1333.   250.]
 [   83.    20.   194.  6734.]]
