0
[[  1.88000000e+02   2.80000000e+01   1.52000000e+02   3.87000000e+02]
 [  0.00000000e+00   1.00000000e+00   1.00000000e+00   0.00000000e+00]
 [  1.40000000e+02   5.60000000e+01   9.63000000e+02   6.62000000e+02]
 [  3.05000000e+02   7.90000000e+01   7.11000000e+02   6.18900000e+03]]
1
[[  2.06000000e+02   2.20000000e+01   1.36000000e+02   2.87000000e+02]
 [  6.00000000e+00   6.00000000e+00   3.00000000e+00   8.00000000e+00]
 [  1.68000000e+02   6.20000000e+01   1.21100000e+03   7.78000000e+02]
 [  2.53000000e+02   7.40000000e+01   4.77000000e+02   6.16500000e+03]]
2
[[  2.52000000e+02   3.50000000e+01   1.84000000e+02   3.66000000e+02]
 [  3.00000000e+01   1.90000000e+01   4.00000000e+00   3.90000000e+01]
 [  1.38000000e+02   3.50000000e+01   1.20700000e+03   6.65000000e+02]
 [  2.13000000e+02   7.50000000e+01   4.32000000e+02   6.16800000e+03]]
3
[[  315.    57.   228.   453.]
 [   16.    10.    22.    27.]
 [  129.    42.  1194.   796.]
 [  173.    55.   383.  5962.]]
4
[[  313.    47.   229.   381.]
 [   20.    18.     8.    47.]
 [  126.    45.  1214.   549.]
 [  174.    54.   376.  6261.]]
5
[[  338.    68.   239.   500.]
 [   20.     9.     8.    28.]
 [  134.    53.  1191.   524.]
 [  141.    34.   389.  6186.]]
6
[[  288.    52.   236.   370.]
 [   31.    20.    20.    25.]
 [  171.    59.  1204.   461.]
 [  143.    33.   367.  6382.]]
7
[[  260.    29.   238.   334.]
 [   65.    45.    28.    69.]
 [  141.    54.  1146.   427.]
 [  167.    36.   415.  6408.]]
8
[[  308.    41.   339.   421.]
 [   44.    24.    28.    26.]
 [  133.    44.  1115.   448.]
 [  148.    55.   345.  6343.]]
9
[[  313.    45.   252.   404.]
 [   43.    34.    52.    21.]
 [  145.    38.  1198.   465.]
 [  132.    47.   325.  6348.]]
