0
[[  0.   0.   0.   0.]
 [  0.   0.   0.   0.]
 [  0.   0.   0.   0.]
 [  3.   0.   6.  31.]]
1
[[  0.   0.   0.   3.]
 [  0.   0.   0.   0.]
 [  0.   0.   0.   2.]
 [  3.   0.   6.  26.]]
2
[[  0.   0.   0.   7.]
 [  0.   0.   0.   0.]
 [  1.   0.   1.   5.]
 [  2.   0.   5.  19.]]
3
[[  0.   0.   0.   2.]
 [  0.   0.   0.   0.]
 [  1.   0.   1.   6.]
 [  2.   0.   5.  23.]]
4
[[  0.   0.   0.   2.]
 [  0.   0.   0.   0.]
 [  1.   0.   0.   4.]
 [  2.   0.   6.  25.]]
5
[[  0.   0.   0.   2.]
 [  0.   0.   0.   1.]
 [  1.   0.   1.   4.]
 [  2.   0.   5.  24.]]
6
[[  0.   0.   0.   3.]
 [  0.   0.   0.   1.]
 [  1.   0.   1.   4.]
 [  2.   0.   5.  23.]]
7
[[  0.   0.   0.   3.]
 [  0.   0.   0.   0.]
 [  1.   0.   1.   4.]
 [  2.   0.   5.  24.]]
8
[[  0.   0.   0.   3.]
 [  0.   0.   0.   0.]
 [  1.   0.   0.   4.]
 [  2.   0.   6.  24.]]
9
[[  0.   0.   0.   3.]
 [  0.   0.   0.   0.]
 [  1.   0.   0.   4.]
 [  2.   0.   6.  24.]]
