0
[[  127.    12.   115.   233.]
 [   11.    17.    18.    15.]
 [  104.    31.   952.   568.]
 [  431.   111.   689.  7225.]]
1
[[  229.    27.   162.   234.]
 [   11.    15.    18.    35.]
 [  117.    43.  1132.   516.]
 [  316.    86.   462.  7256.]]
2
[[  275.    35.   147.   282.]
 [   54.    51.    40.    91.]
 [   99.    25.  1138.   504.]
 [  245.    60.   449.  7164.]]
3
[[  224.    30.   137.   212.]
 [   33.    32.    18.    57.]
 [  129.    36.  1141.   473.]
 [  287.    73.   478.  7299.]]
4
[[  313.    32.   114.   253.]
 [   54.    52.    38.    68.]
 [  111.    42.  1144.   363.]
 [  195.    45.   478.  7357.]]
5
[[  359.    52.   241.   329.]
 [   17.    35.    12.    55.]
 [  101.    32.  1169.   493.]
 [  196.    52.   352.  7164.]]
6
[[  298.    34.   155.   215.]
 [   31.    36.    20.    42.]
 [  125.    37.  1217.   450.]
 [  219.    64.   382.  7334.]]
7
[[  353.    47.   170.   269.]
 [   37.    38.    31.    53.]
 [   97.    26.  1192.   437.]
 [  186.    60.   381.  7282.]]
8
[[  343.    55.   228.   271.]
 [   40.    38.    18.    43.]
 [   90.    22.  1084.   446.]
 [  200.    56.   444.  7281.]]
9
[[  379.    59.   197.   302.]
 [   27.    33.    13.    42.]
 [   99.    31.  1185.   391.]
 [  168.    48.   379.  7306.]]
