0
[[  1.41000000e+02   1.60000000e+01   5.80000000e+01   1.23000000e+02]
 [  1.10000000e+01   4.00000000e+00   1.30000000e+01   2.70000000e+01]
 [  2.31000000e+02   5.50000000e+01   1.33900000e+03   1.26800000e+03]
 [  3.46000000e+02   4.80000000e+01   4.33000000e+02   6.47700000e+03]]
1
[[  273.    29.   146.   300.]
 [    8.    12.    13.    16.]
 [  156.    35.  1297.   892.]
 [  292.    47.   387.  6687.]]
2
[[  272.    27.   171.   225.]
 [   21.    17.    25.    37.]
 [  160.    37.  1342.   670.]
 [  276.    42.   305.  6963.]]
3
[[  429.    46.   274.   337.]
 [   19.    11.    18.    15.]
 [   61.    35.  1134.   521.]
 [  220.    31.   417.  7022.]]
4
[[  347.    26.   183.   267.]
 [   22.    14.    22.    33.]
 [  120.    36.  1244.   482.]
 [  240.    47.   394.  7113.]]
5
[[  332.    28.   203.   239.]
 [   25.    21.    30.    35.]
 [   91.    25.  1128.   433.]
 [  281.    49.   482.  7188.]]
6
[[  373.    43.   194.   276.]
 [   43.    25.    34.    75.]
 [   94.    30.  1319.   475.]
 [  219.    25.   296.  7069.]]
7
[[  263.    10.   117.   135.]
 [   32.    18.    27.    49.]
 [  153.    43.  1367.   611.]
 [  281.    52.   332.  7100.]]
8
[[  296.    34.   153.   173.]
 [   42.    20.    27.    51.]
 [  110.    26.  1240.   514.]
 [  281.    43.   423.  7157.]]
9
[[  404.    39.   207.   308.]
 [   28.    26.    35.    61.]
 [   74.    22.  1215.   435.]
 [  223.    36.   386.  7091.]]
