0
[[  4.00000000e+01   2.00000000e+00   4.90000000e+01   9.40000000e+01]
 [  0.00000000e+00   0.00000000e+00   0.00000000e+00   0.00000000e+00]
 [  6.50000000e+01   3.00000000e+01   6.51000000e+02   7.21000000e+02]
 [  5.28000000e+02   1.32000000e+02   1.12700000e+03   6.42300000e+03]]
1
[[  0.00000000e+00   0.00000000e+00   0.00000000e+00   1.10000000e+01]
 [  0.00000000e+00   0.00000000e+00   0.00000000e+00   0.00000000e+00]
 [  7.00000000e+00   1.00000000e+00   3.03000000e+02   2.40000000e+02]
 [  6.26000000e+02   1.63000000e+02   1.52400000e+03   6.98700000e+03]]
2
[[  2.00000000e+00   0.00000000e+00   3.00000000e+00   1.50000000e+01]
 [  0.00000000e+00   0.00000000e+00   0.00000000e+00   0.00000000e+00]
 [  3.20000000e+01   1.00000000e+01   4.56000000e+02   2.93000000e+02]
 [  5.99000000e+02   1.54000000e+02   1.36800000e+03   6.93000000e+03]]
3
[[  0.00000000e+00   0.00000000e+00   0.00000000e+00   4.00000000e+00]
 [  0.00000000e+00   0.00000000e+00   3.00000000e+00   1.10000000e+01]
 [  5.90000000e+01   2.20000000e+01   4.99000000e+02   5.16000000e+02]
 [  5.74000000e+02   1.42000000e+02   1.32500000e+03   6.70700000e+03]]
4
[[  1.00000000e+00   0.00000000e+00   1.00000000e+00   0.00000000e+00]
 [  0.00000000e+00   0.00000000e+00   0.00000000e+00   0.00000000e+00]
 [  0.00000000e+00   0.00000000e+00   0.00000000e+00   3.00000000e+00]
 [  6.32000000e+02   1.64000000e+02   1.82600000e+03   7.23500000e+03]]
5
[[  1.00000000e+00   0.00000000e+00   1.00000000e+00   0.00000000e+00]
 [  0.00000000e+00   0.00000000e+00   0.00000000e+00   0.00000000e+00]
 [  1.00000000e+00   0.00000000e+00   3.00000000e+00   8.00000000e+00]
 [  6.31000000e+02   1.64000000e+02   1.82300000e+03   7.23000000e+03]]
6
[[  1.00000000e+00   0.00000000e+00   1.00000000e+00   1.00000000e+00]
 [  0.00000000e+00   0.00000000e+00   0.00000000e+00   0.00000000e+00]
 [  1.00000000e+00   0.00000000e+00   0.00000000e+00   3.00000000e+00]
 [  6.31000000e+02   1.64000000e+02   1.82600000e+03   7.23400000e+03]]
7
[[  0.00000000e+00   0.00000000e+00   1.00000000e+00   0.00000000e+00]
 [  0.00000000e+00   0.00000000e+00   0.00000000e+00   0.00000000e+00]
 [  1.00000000e+00   0.00000000e+00   0.00000000e+00   1.00000000e+00]
 [  6.32000000e+02   1.64000000e+02   1.82600000e+03   7.23700000e+03]]
8
[[  0.00000000e+00   0.00000000e+00   0.00000000e+00   0.00000000e+00]
 [  0.00000000e+00   0.00000000e+00   0.00000000e+00   0.00000000e+00]
 [  0.00000000e+00   0.00000000e+00   1.00000000e+00   1.00000000e+00]
 [  6.33000000e+02   1.64000000e+02   1.82600000e+03   7.23700000e+03]]
9
[[    0.     0.     0.     0.]
 [    0.     0.     0.     0.]
 [    0.     0.     0.     0.]
 [  633.   164.  1827.  7238.]]
