0
[[  434.    45.   309.   743.]
 [   27.    20.    34.    12.]
 [   88.    34.   879.   673.]
 [  344.    96.   617.  6407.]]
1
[[  432.    55.   202.   357.]
 [    9.    21.    21.    11.]
 [  145.    50.  1213.   759.]
 [  307.    69.   403.  6708.]]
2
[[  423.    38.   205.   388.]
 [   36.    52.    58.    35.]
 [  147.    47.  1252.   707.]
 [  287.    58.   324.  6705.]]
3
[[  371.    34.   176.   220.]
 [   29.    43.    29.    36.]
 [  174.    53.  1244.   614.]
 [  319.    65.   390.  6965.]]
4
[[  360.    20.   179.   229.]
 [   31.    41.    50.    34.]
 [  135.    46.  1156.   493.]
 [  367.    88.   454.  7079.]]
5
[[  3.34000000e+02   2.70000000e+01   1.83000000e+02   1.82000000e+02]
 [  8.00000000e+00   2.50000000e+01   1.90000000e+01   4.00000000e+00]
 [  1.29000000e+02   4.30000000e+01   1.07100000e+03   2.80000000e+02]
 [  4.22000000e+02   1.00000000e+02   5.66000000e+02   7.36900000e+03]]
6
[[  302.    13.   175.   133.]
 [   31.    40.    44.    30.]
 [  121.    43.  1163.   444.]
 [  439.    99.   457.  7228.]]
7
[[  293.    16.   139.   121.]
 [   26.    36.    32.    36.]
 [  161.    42.  1132.   467.]
 [  413.   101.   536.  7211.]]
8
[[  351.    26.   177.   173.]
 [   45.    62.    52.    43.]
 [  100.    33.  1186.   401.]
 [  397.    74.   424.  7218.]]
9
[[  311.    22.   169.   121.]
 [   24.    41.    48.    27.]
 [  112.    34.  1173.   422.]
 [  446.    98.   449.  7265.]]
