0
[[  161.    31.   159.   404.]
 [    0.     0.     0.     0.]
 [  136.    54.   844.   648.]
 [  336.    79.   824.  6186.]]
1
[[  310.    40.   262.   700.]
 [    9.    12.     8.    11.]
 [  147.    61.  1033.   729.]
 [  167.    51.   524.  5798.]]
2
[[  305.    54.   279.   594.]
 [   15.    28.    23.    32.]
 [  134.    43.  1193.   766.]
 [  179.    39.   332.  5846.]]
3
[[  349.    36.   317.   550.]
 [   23.    38.    40.    56.]
 [  137.    48.  1210.   684.]
 [  124.    42.   260.  5948.]]
4
[[  297.    33.   254.   366.]
 [   27.    32.    51.    72.]
 [  151.    53.  1206.   573.]
 [  158.    46.   316.  6227.]]
5
[[  371.    38.   298.   570.]
 [   14.    30.    36.    63.]
 [  126.    48.  1169.   459.]
 [  122.    48.   324.  6146.]]
6
[[  313.    23.   234.   297.]
 [   12.    28.    34.    27.]
 [  123.    57.  1189.   443.]
 [  185.    56.   370.  6471.]]
7
[[  325.    24.   258.   292.]
 [   15.    30.    30.    32.]
 [  110.    48.  1151.   327.]
 [  183.    62.   388.  6587.]]
