0
[[  247.    48.   195.   538.]
 [    0.     0.     0.     0.]
 [  182.    66.  1197.   600.]
 [  204.    50.   435.  6100.]]
1
[[  3.21000000e+02   4.70000000e+01   2.86000000e+02   3.30000000e+02]
 [  5.00000000e+00   1.50000000e+01   1.60000000e+01   1.80000000e+01]
 [  1.42000000e+02   5.10000000e+01   1.23800000e+03   4.75000000e+02]
 [  1.65000000e+02   5.10000000e+01   2.87000000e+02   6.41500000e+03]]
2
[[  277.    41.   222.   327.]
 [   14.    25.    38.    57.]
 [  150.    45.  1212.   382.]
 [  192.    53.   355.  6472.]]
3
[[  257.    28.   211.   220.]
 [   26.    30.    37.    40.]
 [  170.    54.  1276.   357.]
 [  180.    52.   303.  6621.]]
4
[[  239.    23.   175.   185.]
 [   26.    27.    25.    39.]
 [  239.    68.  1362.   438.]
 [  129.    46.   265.  6576.]]
5
[[  323.    46.   249.   209.]
 [   27.    32.    36.    30.]
 [  137.    35.  1234.   327.]
 [  146.    51.   308.  6672.]]
6
[[  248.    36.   288.   156.]
 [   19.    21.    29.    27.]
 [  197.    58.  1206.   316.]
 [  169.    49.   304.  6739.]]
7
[[  329.    51.   351.   231.]
 [   25.    34.    41.    23.]
 [  107.    29.  1059.   194.]
 [  172.    50.   376.  6790.]]
8
[[  261.    31.   223.   168.]
 [   17.    30.    34.    33.]
 [  212.    47.  1292.   294.]
 [  143.    56.   278.  6743.]]
9
[[  232.    27.   183.   180.]
 [   25.    24.    38.    71.]
 [  204.    58.  1286.   286.]
 [  172.    55.   320.  6701.]]
