0
[[  183.    32.   138.   265.]
 [    0.     0.     0.     0.]
 [  184.    63.  1170.   514.]
 [  266.    69.   519.  6459.]]
1
[[  3.02000000e+02   4.60000000e+01   2.71000000e+02   3.76000000e+02]
 [  6.00000000e+00   9.00000000e+00   4.00000000e+00   0.00000000e+00]
 [  1.81000000e+02   5.90000000e+01   1.19900000e+03   3.68000000e+02]
 [  1.44000000e+02   5.00000000e+01   3.53000000e+02   6.49400000e+03]]
2
[[  3.11000000e+02   5.50000000e+01   2.77000000e+02   2.77000000e+02]
 [  6.00000000e+00   1.00000000e+01   5.00000000e+00   3.00000000e+00]
 [  1.79000000e+02   4.20000000e+01   1.27700000e+03   3.16000000e+02]
 [  1.37000000e+02   5.70000000e+01   2.68000000e+02   6.64200000e+03]]
3
[[  322.    57.   264.   284.]
 [   34.    31.    42.    29.]
 [  171.    41.  1275.   312.]
 [  106.    35.   246.  6613.]]
4
[[  309.    41.   265.   272.]
 [   48.    53.    62.    28.]
 [  158.    41.  1287.   234.]
 [  118.    29.   213.  6704.]]
5
[[  339.    49.   275.   225.]
 [   21.    30.    37.    27.]
 [  152.    43.  1264.   233.]
 [  121.    42.   251.  6753.]]
6
[[  345.    52.   288.   191.]
 [   20.    40.    52.    30.]
 [  154.    42.  1254.   256.]
 [  114.    30.   233.  6761.]]
7
[[  338.    41.   284.   175.]
 [   40.    46.    39.    57.]
 [  159.    44.  1231.   194.]
 [   96.    33.   273.  6812.]]
8
[[  408.    50.   347.   251.]
 [   39.    57.    53.    47.]
 [  100.    31.  1289.   266.]
 [   86.    26.   138.  6674.]]
9
[[  384.    39.   293.   203.]
 [   42.    62.    65.    41.]
 [  123.    41.  1245.   207.]
 [   84.    22.   224.  6787.]]
