0
[[  2.87000000e+02   4.30000000e+01   2.72000000e+02   4.07000000e+02]
 [  3.00000000e+00   1.10000000e+01   7.00000000e+00   7.00000000e+00]
 [  1.91000000e+02   6.00000000e+01   1.20300000e+03   3.59000000e+02]
 [  1.52000000e+02   5.00000000e+01   3.45000000e+02   6.46500000e+03]]
1
[[  2.72000000e+02   2.50000000e+01   1.95000000e+02   1.93000000e+02]
 [  3.00000000e+00   1.70000000e+01   1.30000000e+01   9.00000000e+00]
 [  1.62000000e+02   5.90000000e+01   1.25800000e+03   2.78000000e+02]
 [  1.96000000e+02   6.30000000e+01   3.61000000e+02   6.75800000e+03]]
2
[[  337.    43.   220.   255.]
 [   13.    26.    30.    18.]
 [  138.    46.  1282.   339.]
 [  145.    49.   295.  6626.]]
3
[[  282.    20.   148.   164.]
 [   24.    51.    35.    19.]
 [  167.    29.  1278.   259.]
 [  160.    64.   366.  6796.]]
4
[[  279.    18.   216.   210.]
 [   28.    40.    49.    20.]
 [  186.    57.  1283.   272.]
 [  140.    49.   279.  6736.]]
5
[[  299.    35.   193.   207.]
 [   22.    36.    30.    29.]
 [  168.    49.  1231.   244.]
 [  144.    44.   373.  6758.]]
6
[[  342.    24.   241.   207.]
 [   18.    35.    57.    26.]
 [  118.    46.  1160.   255.]
 [  155.    59.   369.  6750.]]
7
[[  351.    35.   263.   198.]
 [   11.    37.    34.    16.]
 [  104.    33.  1054.   196.]
 [  167.    59.   476.  6828.]]
8
[[  280.    37.   189.   178.]
 [   29.    35.    32.    18.]
 [  176.    44.  1285.   226.]
 [  148.    48.   321.  6816.]]
9
[[  305.    24.   208.   198.]
 [   30.    57.    76.    44.]
 [  168.    39.  1201.   191.]
 [  130.    44.   342.  6805.]]
