0
[[  1.95000000e+02   2.90000000e+01   1.78000000e+02   3.06000000e+02]
 [  3.00000000e+00   1.00000000e+00   2.00000000e+00   2.00000000e+00]
 [  2.00000000e+02   6.50000000e+01   1.17800000e+03   6.99000000e+02]
 [  2.35000000e+02   6.90000000e+01   4.69000000e+02   6.23100000e+03]]
1
[[  2.74000000e+02   3.50000000e+01   2.42000000e+02   3.07000000e+02]
 [  1.80000000e+01   1.20000000e+01   6.00000000e+00   1.60000000e+01]
 [  1.81000000e+02   6.10000000e+01   1.23100000e+03   4.70000000e+02]
 [  1.60000000e+02   5.60000000e+01   3.48000000e+02   6.44500000e+03]]
2
[[  353.    54.   322.   381.]
 [   26.    18.     9.    14.]
 [  133.    52.  1221.   341.]
 [  121.    40.   275.  6502.]]
3
[[  352.    58.   325.   258.]
 [   39.    30.    29.    34.]
 [  139.    34.  1274.   293.]
 [  103.    42.   199.  6653.]]
4
[[  319.    28.   258.   223.]
 [   59.    45.    51.    26.]
 [  167.    48.  1303.   334.]
 [   88.    43.   215.  6655.]]
5
[[  320.    49.   276.   151.]
 [   52.    36.    36.    18.]
 [  168.    44.  1360.   249.]
 [   93.    35.   155.  6820.]]
6
[[  371.    54.   358.   190.]
 [   48.    38.    44.    40.]
 [  125.    42.  1189.   192.]
 [   89.    30.   236.  6816.]]
7
[[  367.    45.   295.   172.]
 [   53.    65.    58.    20.]
 [  124.    22.  1252.   176.]
 [   89.    32.   222.  6870.]]
8
[[  393.    44.   361.   227.]
 [   55.    69.    62.    34.]
 [  102.    21.  1177.   164.]
 [   83.    30.   227.  6813.]]
9
[[  343.    38.   249.   134.]
 [   60.    62.    67.    38.]
 [  116.    30.  1212.   171.]
 [  114.    34.   299.  6895.]]
