0
[[  2.79000000e+02   4.10000000e+01   2.12000000e+02   3.97000000e+02]
 [  7.00000000e+00   1.00000000e+00   0.00000000e+00   5.00000000e+00]
 [  1.86000000e+02   7.10000000e+01   1.25700000e+03   6.95000000e+02]
 [  1.61000000e+02   5.10000000e+01   3.58000000e+02   6.14100000e+03]]
1
[[  3.34000000e+02   3.50000000e+01   2.41000000e+02   2.57000000e+02]
 [  1.90000000e+01   2.40000000e+01   4.00000000e+00   1.10000000e+01]
 [  1.46000000e+02   5.80000000e+01   1.18100000e+03   4.17000000e+02]
 [  1.34000000e+02   4.70000000e+01   4.01000000e+02   6.55300000e+03]]
2
[[  328.    50.   239.   312.]
 [   36.    34.    18.    27.]
 [  136.    35.  1288.   387.]
 [  133.    45.   282.  6512.]]
3
[[  363.    37.   299.   238.]
 [   31.    49.    51.    43.]
 [  104.    35.  1190.   329.]
 [  135.    43.   287.  6628.]]
4
[[  287.    31.   211.   229.]
 [   36.    42.    32.    24.]
 [  146.    44.  1283.   302.]
 [  164.    47.   301.  6683.]]
5
[[  375.    30.   269.   162.]
 [   27.    61.    43.    22.]
 [  105.    38.  1227.   257.]
 [  126.    35.   288.  6797.]]
6
[[  337.    35.   250.   188.]
 [   29.    44.    57.    20.]
 [   97.    41.  1095.   184.]
 [  170.    44.   425.  6846.]]
7
[[  333.    44.   307.   157.]
 [   29.    42.    42.    25.]
 [  102.    43.  1101.   145.]
 [  169.    35.   377.  6911.]]
8
[[  311.    28.   185.   160.]
 [   48.    63.    65.    30.]
 [  117.    35.  1218.   205.]
 [  157.    38.   359.  6843.]]
9
[[  302.    20.   172.    96.]
 [   28.    66.    80.    35.]
 [  135.    37.  1216.   227.]
 [  168.    41.   359.  6880.]]
