0
[[  2.96000000e+02   4.30000000e+01   1.97000000e+02   5.55000000e+02]
 [  0.00000000e+00   0.00000000e+00   2.00000000e+00   0.00000000e+00]
 [  2.10000000e+02   6.90000000e+01   1.27700000e+03   6.15000000e+02]
 [  1.27000000e+02   5.20000000e+01   3.51000000e+02   6.06800000e+03]]
1
[[  2.93000000e+02   4.10000000e+01   2.51000000e+02   2.69000000e+02]
 [  9.00000000e+00   1.80000000e+01   5.00000000e+00   2.10000000e+01]
 [  1.64000000e+02   5.40000000e+01   1.26500000e+03   4.91000000e+02]
 [  1.67000000e+02   5.10000000e+01   3.06000000e+02   6.45700000e+03]]
2
[[  307.    42.   187.   235.]
 [   15.    18.    11.    17.]
 [  157.    52.  1281.   314.]
 [  154.    52.   348.  6672.]]
3
[[  355.    45.   290.   248.]
 [   16.    26.    41.    22.]
 [  126.    42.  1178.   263.]
 [  136.    51.   318.  6705.]]
4
[[  296.    28.   207.   186.]
 [   16.    33.    32.    23.]
 [  161.    45.  1236.   299.]
 [  160.    58.   352.  6730.]]
5
[[  317.    29.   213.   235.]
 [   15.    28.    32.    23.]
 [  163.    63.  1345.   365.]
 [  138.    44.   237.  6615.]]
6
[[  357.    45.   287.   198.]
 [   25.    29.    53.    33.]
 [  120.    44.  1186.   265.]
 [  131.    46.   301.  6742.]]
7
[[  365.    27.   310.   155.]
 [   22.    38.    52.    27.]
 [  115.    49.  1128.   194.]
 [  131.    50.   337.  6862.]]
8
[[  366.    26.   237.   157.]
 [   37.    47.    62.    44.]
 [  110.    45.  1142.   207.]
 [  120.    46.   386.  6830.]]
9
[[  314.    22.   200.   148.]
 [   19.    43.    54.    25.]
 [  141.    53.  1268.   297.]
 [  159.    46.   305.  6768.]]
